0,362.18
0.004,347.67
0.008,297.53
0.012,241.58
0.016,294.2
0.02,176.24
0.024,264.36
0.028,305.98
0.032,302.26
0.036,314.12
0.04,346.57
0.044,275.94
0.048,288.72
0.052,275.72
0.056,224.13
0.06,279.08
0.064,345.92
0.068,233.76
0.072,175.88
0.076,295.85
0.08,339.56
0.084,203.07
0.088,145.11
0.092,208.1
0.096,82.773
0.1,250.3
0.104,353.58
0.108,214.18
0.112,325.9
0.116,83.396
0.12,256.7
0.124,194.37
0.128,270.02
0.132,348.23
0.136,208.74
0.14,154.66
0.144,289.33
0.148,262.45
0.152,-209
0.156,86.696
0.16,242.84
0.164,349.33
0.168,78.593
0.172,170.07
0.176,234.25
0.18,149.16
0.184,234.19
0.188,305.89
0.192,203.31
0.196,174.32
0.2,78.397
0.204,252.56
0.208,142.17
0.212,121.85
0.216,-49
0.22,117.19
0.224,161.8
0.228,74.172
0.232,333.66
0.236,102.04
0.24,191.57
0.244,144.56
0.248,290.1
0.252,245.02
0.256,295.4
0.26,177.82
0.264,91.327
0.268,33.232
0.272,208
0.276,247.05
0.28,167.67
0.284,156.29
0.288,322.4
0.292,300.93
0.296,257.31
0.3,195.46
0.304,103.2
0.308,121.5
0.312,51.182
0.316,254.46
0.32,243.53
0.324,170.27
0.328,85.524
0.332,146.94
0.336,77.09
0.34,194.89
0.344,192.61
0.348,109.91
0.352,28.303
0.356,222.85
0.36,93.569
0.364,135.91
0.368,111.41
0.372,90.364
0.376,109.48
0.38,206.12
0.384,84.752
0.388,124.66
0.392,13.48
0.396,205.54
0.4,94.811
0.404,9.6796
0.408,91.05
0.412,99.317
0.416,33.454
0.42,209.21
0.424,75.064
0.428,68.712
0.432,154.24
0.436,143.43
0.44,100.19
0.444,-11.399
0.448,203.45
0.452,137.71
0.456,182.56
0.46,174.67
0.464,127.89
0.468,138.84
0.472,44.823
0.476,69.555
0.48,-17.067
0.484,58.007
0.488,-310
0.492,66.879
0.496,15.544
0.5,73.35
0.504,121.6
0.508,81.217
0.512,-85.092
0.516,107.79
0.52,274.09
0.524,57.231
0.528,379
0.532,144.86
0.536,-24.325
0.54,95.866
0.544,90.34
0.548,61.208
0.552,92.848
0.556,83.83
0.56,132.62
0.564,-53.939
0.568,98.686
0.572,48.331
0.576,75.878
0.58,-5.1139
0.584,177.95
0.588,132.12
0.592,153.6
0.596,43.109
0.6,62.834
0.604,170.81
0.608,-32.647
0.612,49.94
0.616,96.572
0.62,-7.0941
0.624,53.279
0.628,92.049
0.632,39.481
0.636,73.406
0.64,74.022
0.644,124.43
0.648,120.97
0.652,38.825
0.656,11.349
0.66,95.919
0.664,126.76
0.668,12.248
0.672,156.75
0.676,151.87
0.68,15.311
0.684,51.871
0.688,105.1
0.692,152.09
0.696,89.148
0.7,-22.332
0.704,-69.566
0.708,23.432
0.712,136.64
0.716,53.629
0.72,15.679
0.724,58.532
0.728,17.863
0.732,101.11
0.736,148.28
0.74,-135.86
0.744,-5.0849
0.748,45.449
0.752,287.22
0.756,74.238
0.76,6.8026
0.764,150.8
0.768,125.28
0.772,36.762
0.776,46.868
0.78,150.62
0.784,81.386
0.788,-2.1081
0.792,37.951
0.796,109.67
0.8,46.175
0.804,15.803
0.808,153.26
0.812,-135.15
0.816,-17.521
0.82,24.215
0.824,89.595
0.828,32.183
0.832,108.71
0.836,259.77
0.84,47.163
0.844,169.9
0.848,204.49
0.852,-37.086
0.856,-2.815
0.86,-25.724
0.864,123.95
0.868,-12.734
0.872,19.556
0.876,140.09
0.88,-18.451
0.884,35.793
0.888,99.811
0.892,33.802
0.896,105.44
0.9,96.823
0.904,-45.652
0.908,136.72
0.912,128.24
0.916,-304
0.92,141.99
0.924,2.1475
0.928,64.052
0.932,98.499
0.936,11.843
0.94,92.928
0.944,89.634
0.948,217.21
0.952,181.69
0.956,46.346
0.96,-39.045
0.964,60.163
0.968,133.27
0.972,154.82
0.976,113.58
0.98,38.881
0.984,176.78
0.988,121.45
0.992,53.887
0.996,96.052
1,219.94
1.004,143.56
1.008,225.34
1.012,144.01
1.016,169.81
1.02,52.01
1.024,3.378
1.028,80.039
1.032,70.211
1.036,49.533
1.04,61.087
1.044,34.479
1.048,29.277
1.052,101.98
1.056,179.54
1.06,10.799
1.064,204.03
1.068,79.173
1.072,-35.989
1.076,182.25
1.08,161.49
1.084,40.807
1.088,140.13
1.092,139.36
1.096,191.98
1.1,175.69
1.104,213.74
1.108,112.98
1.112,154.02
1.116,188.4
1.12,92.786
1.124,100.81
1.128,136.43
1.132,139.25
1.136,30.173
1.14,230.02
1.144,137.13
1.148,269.32
1.152,62.85
1.156,78.679
1.16,35.323
1.164,61.908
1.168,191.17
1.172,73.173
1.176,77.223
1.18,12.911
1.184,210.2
1.188,110.56
1.192,223.12
1.196,119.37
1.2,69.598
1.204,112.9
1.208,42.678
1.212,173
1.216,83.493
1.22,117.91
1.224,311.97
1.228,179.47
1.232,244.19
1.236,137.76
1.24,276.29
1.244,175.28
1.248,259.76
1.252,166.06
1.256,112.18
1.26,139.18
1.264,202.61
1.268,367.09
1.272,179.03
1.276,117.9
1.28,235.93
1.284,85.445
1.288,176.34
1.292,236.99
1.296,310.85
1.3,239
1.304,227.53
1.308,184.15
1.312,325.33
1.316,196.67
1.32,108.19
1.324,138.32
1.328,191.98
1.332,244.82
1.336,118.58
1.34,316.5
1.344,283.8
1.348,145.88
1.352,357.44
1.356,381
1.36,205.63
1.364,163.21
1.368,172.11
1.372,115.85
1.376,193.15
1.38,159.23
1.384,285.02
1.388,255.84
1.392,291.45
1.396,303.82
1.4,72.047
1.404,164.25
1.408,197.21
1.412,123.87
1.416,193.03
1.42,260.25
1.424,43
1.428,296.44
1.432,361.43
1.436,336.28
1.44,257.09
1.444,265.4
1.448,226.34
1.452,232.49
1.456,425.67
1.46,224.73
1.464,265.96
1.468,247.59
1.472,302.07
1.476,493
1.48,238.39
1.484,281.94
1.488,283.28
1.492,261.52
1.496,115
1.5,294.68
1.504,390.8
1.508,330.57
1.512,275.04
1.516,102
1.52,253.94
1.524,388.93
1.528,126.13
1.532,324.3
1.536,388.49
1.54,399.9
1.544,349.4
1.548,233.41
1.552,514.53
1.556,188.92
1.56,264.14
1.564,402.17
1.568,124.51
1.572,399.73
1.576,362.35
1.58,367.37
1.584,391.99
1.588,287.62
1.592,325.1
1.596,242.86
1.6,340.93
1.604,313.24
1.608,314.36
1.612,325.76
1.616,318.94
1.62,277.12
1.624,347.88
1.628,366.59
1.632,193.08
1.636,384.02
1.64,410.92
1.644,293.97
1.648,383.41
1.652,261.92
1.656,237.49
1.66,367.34
1.664,320.8
1.668,377.31
1.672,267.75
1.676,197.99
1.68,325.01
1.684,409
1.688,353.23
1.692,291.79
1.696,384.62
1.7,388.3
1.704,325.38
1.708,227.84
1.712,388.38
1.716,418.66
1.72,427.78
1.724,376.34
1.728,299.95
1.732,351.65
1.736,389.26
1.74,391.32
1.744,249.9
1.748,190.92
1.752,369.14
1.756,393.85
1.76,314.45
1.764,328.08
1.768,298.09
1.772,220.63
1.776,332.55
1.78,394.47
1.784,255.57
1.788,413.19
1.792,522.34
1.796,368.29
1.8,301.6
1.804,283.48
1.808,367.71
1.812,347.88
1.816,369.8
1.82,385.67
1.824,361.72
1.828,308.69
1.832,473.27
1.836,466.9
1.84,401.59
1.844,254.36
1.848,399.33
1.852,195.78
1.856,231.63
1.86,446.43
1.864,382.22
1.868,340.68
1.872,263.31
1.876,340.15
1.88,204.58
1.884,296.86
1.888,341.87
1.892,353.83
1.896,298.79
1.9,340.74
1.904,353.9
1.908,464.38
1.912,295.02
1.916,489.26
1.92,494.24
1.924,370.93
1.928,393.77
1.932,528.45
1.936,387.44
1.94,371.15
1.944,309.81
1.948,295.41
1.952,353.17
1.956,431.73
1.96,420.6
1.964,411.03
1.968,222.74
1.972,356.19
1.976,378.44
1.98,260.37
1.984,415.18
1.988,467.68
1.992,331.35
1.996,266.35
2,535.48
2.004,346.63
2.008,363.22
2.012,300.46
2.016,415.41
2.02,286.72
2.024,312.28
2.028,410.2
2.032,199.42
2.036,352.08
2.04,321.68
2.044,327.19
2.048,211.56
2.052,381.84
2.056,296.49
2.06,324.55
2.064,247.91
2.068,296.68
2.072,204.06
2.076,299.17
2.08,301.62
2.084,411.88
2.088,365.37
2.092,215.52
2.096,430.18
2.1,201.88
2.104,146.6
2.108,373.17
2.112,458.6
2.116,403.42
2.12,281.55
2.124,418.4
2.128,344.88
2.132,295.5
2.136,185.36
2.14,364.07
2.144,271.23
2.148,374.17
2.152,242.15
2.156,350.47
2.16,647
2.164,325.27
2.168,314.38
2.172,531.67
2.176,279.19
2.18,340.28
2.184,455.77
2.188,480.46
2.192,369.44
2.196,319.6
2.2,264.59
2.204,345.19
2.208,341.2
2.212,328.46
2.216,364.49
2.22,283.15
2.224,275.19
2.228,197.92
2.232,320.13
2.236,373.75
2.24,334.93
2.244,319.28
2.248,279.77
2.252,355.1
2.256,284.15
2.26,174.92
2.264,330.46
2.268,292.28
2.272,295.08
2.276,403.52
2.28,223.94
2.284,132.02
2.288,296.73
2.292,703
2.296,259.51
2.3,316.43
2.304,136.72
2.308,232.28
2.312,237.18
2.316,243.61
2.32,229.75
2.324,345.97
2.328,212.2
2.332,363.1
2.336,221.09
2.34,218.75
2.344,366.59
2.348,356.08
2.352,459.9
2.356,385.66
2.36,224.96
2.364,205.62
2.368,281.43
2.372,237.62
2.376,86.258
2.38,229.85
2.384,325.37
2.388,131.12
2.392,201.75
2.396,298.06
2.4,211.36
2.404,144.34
2.408,263.24
2.412,285.67
2.416,244.88
2.42,220.54
2.424,202.92
2.428,108.31
2.432,225.35
2.436,302
2.44,240.51
2.444,238.8
2.448,159.51
2.452,240.37
2.456,213.49
2.46,174.33
2.464,223.08
2.468,75.403
2.472,91.726
2.476,313.39
2.48,147.43
2.484,229.12
2.488,182.45
2.492,78.677
2.496,279.33
2.5,184.82
2.504,109.04
2.508,286.14
2.512,145.31
2.516,86.663
2.52,295.59
2.524,151.99
2.528,309.33
2.532,186.25
2.536,242.21
2.54,116.47
2.544,268.17
2.548,55.723
2.552,246.73
2.556,158.03
2.56,265.27
2.564,169.8
2.568,249.26
2.572,198.63
2.576,244
2.58,126.64
2.584,45.336
2.588,237.88
2.592,255.94
2.596,-72
2.6,231.83
2.604,206.47
2.608,21.558
2.612,186.68
2.616,100.03
2.62,-23.888
2.624,164.55
2.628,144
2.632,132.67
2.636,130.65
2.64,126.54
2.644,101.28
2.648,84.64
2.652,233.65
2.656,158.88
2.66,100.19
2.664,130.02
2.668,188.89
2.672,236.25
2.676,156.03
2.68,180.92
2.684,62.497
2.688,218.29
2.692,204.89
2.696,76.754
2.7,270.89
2.704,174.52
2.708,81.173
2.712,82.732
2.716,-8.5024
2.72,127.89
2.724,484
2.728,174.54
2.732,-42.45
2.736,16.631
2.74,230.39
2.744,68.351
2.748,141.31
2.752,129.75
2.756,-58.184
2.76,12.729
2.764,129.63
2.768,121.88
2.772,105.41
2.776,131.51
2.78,25.794
2.784,140.83
2.788,-3.8348
2.792,36.547
2.796,275.19
2.8,244.73
2.804,19.986
2.808,180.49
2.812,171.65
2.816,101.45
2.82,44.665
2.824,87.77
2.828,165.4
2.832,106.84
2.836,74.743
2.84,86.429
2.844,111.97
2.848,157.31
2.852,209.73
2.856,47.489
2.86,55.797
2.864,291.28
2.868,14.972
2.872,213.75
2.876,96.458
2.88,24.858
2.884,195.77
2.888,115.06
2.892,163.87
2.896,35.726
2.9,96.136
2.904,42.986
2.908,119.39
2.912,-134.18
2.916,21.049
2.92,28.815
2.924,125.45
2.928,160.43
2.932,45.417
2.936,80.982
2.94,62.487
2.944,77.975
2.948,7.9668
2.952,-19.443
2.956,88.515
2.96,-36.352
2.964,-96.869
2.968,6.238
2.972,-59.24
2.976,201.99
2.98,4.1956
2.984,-126.72
2.988,-2.3487
2.992,60.631
2.996,187.68
3,75.846
3.004,181.35
3.008,120.24
3.012,-19.571
3.016,34.014
3.02,147.69
3.024,-12.406
3.028,88.72
3.032,154.01
3.036,60.937
3.04,-40.059
3.044,37.38
3.048,108.24
3.052,111.35
3.056,-39.132
3.06,135.35
3.064,101.84
3.068,-59.499
3.072,11.625
3.076,140.63
3.08,80.345
3.084,-76.937
3.088,-28.243
3.092,81.678
3.096,47.064
3.1,-54.727
3.104,92.324
3.108,41.585
3.112,-393
3.116,128.54
3.12,69.119
3.124,208.51
3.128,-33.977
3.132,-104.53
3.136,64.813
3.14,15.135
3.144,-3.3555
3.148,-47.317
3.152,-30.571
3.156,96.015
3.16,75.805
3.164,115.68
3.168,35.466
3.172,194.87
3.176,-16.697
3.18,68.158
3.184,70.919
3.188,27.368
3.192,153
3.196,81.871
3.2,175.01
3.204,-15.731
3.208,-60.449
3.212,99.897
3.216,56.18
3.22,83.832
3.224,29.485
3.228,32.248
3.232,154.56
3.236,72.106
3.24,1.7173
3.244,70.196
3.248,-41.994
3.252,97.111
3.256,67.262
3.26,133.52
3.264,82.077
3.268,-35.976
3.272,10
3.276,30.953
3.28,46.24
3.284,160.55
3.288,-49.854
3.292,42.957
3.296,184.13
3.3,86.378
3.304,37.944
3.308,109.09
3.312,161.91
3.316,175.6
3.32,58.339
3.324,88.424
3.328,8.1925
3.332,-42.445
3.336,-56.842
3.34,177.62
3.344,106.67
3.348,94.722
3.352,14.227
3.356,180.76
3.36,115.23
3.364,40.072
3.368,82.961
3.372,110.09
3.376,174.4
3.38,155.76
3.384,216.09
3.388,16.275
3.392,123.24
3.396,95.498
3.4,124.64
3.404,-53.689
3.408,145.9
3.412,130.49
3.416,144.15
3.42,66.563
3.424,142.01
3.428,126.08
3.432,81.192
3.436,22.994
3.44,147.83
3.444,113.34
3.448,146.69
3.452,162.16
3.456,146.19
3.46,217.14
3.464,507.04
3.468,248
3.472,204.95
3.476,547.73
3.48,206.73
3.484,32.716
3.488,44.126
3.492,171.87
3.496,100.02
3.5,219.68
3.504,134.99
3.508,206.47
3.512,39.359
3.516,155.28
3.52,124.52
3.524,137.29
3.528,226.06
3.532,227.57
3.536,205.38
3.54,148.39
3.544,148.69
3.548,71.81
3.552,94.479
3.556,206.42
3.56,159.95
3.564,186.61
3.568,78.857
3.572,113.37
3.576,235.71
3.58,150.84
3.584,217.24
3.588,172.76
3.592,240.46
3.596,96.795
3.6,178.9
3.604,350.23
3.608,323.5
3.612,146.24
3.616,167.29
3.62,172.52
3.624,67.284
3.628,208.89
3.632,146.63
3.636,178.47
3.64,331.12
3.644,175.76
3.648,193.11
3.652,144.87
3.656,236.77
3.66,144.49
3.664,261.85
3.668,277.96
3.672,143.03
3.676,73.746
3.68,124.92
3.684,86.051
3.688,239.56
3.692,278.43
3.696,236.27
3.7,293.35
3.704,192.01
3.708,313.53
3.712,222.6
3.716,239.67
3.72,194.39
3.724,271.02
3.728,112.99
3.732,150.74
3.736,-13.688
3.74,254.39
3.744,196.12
3.748,352.71
3.752,286.32
3.756,319.93
3.76,276.63
3.764,226.15
3.768,218.47
3.772,269.64
3.776,316.76
3.78,311.73
3.784,145.42
3.788,201.53
3.792,218.08
3.796,255.85
3.8,259.69
3.804,301.84
3.808,352.68
3.812,313.37
3.816,201.36
3.82,225.35
3.824,317.15
3.828,232.92
3.832,305.64
3.836,280.61
3.84,287.08
3.844,287.74
3.848,399.24
3.852,240.57
3.856,117.56
3.86,206.3
3.864,283.06
3.868,214.08
3.872,158.14
3.876,315.46
3.88,328.4
3.884,298.11
3.888,307.65
3.892,243.68
3.896,277.08
3.9,310.68
3.904,199.28
3.908,307.19
3.912,696
3.916,232
3.92,286.77
3.924,190.81
3.928,268.19
3.932,343.6
3.936,405.05
3.94,281.39
3.944,317.82
3.948,348.25
3.952,328.3
3.956,320.23
3.96,319.04
3.964,310.84
3.968,129.47
3.972,299.04
3.976,408.87
3.98,359.94
3.984,281.91
3.988,331.21
3.992,238.88
3.996,446.52
4,410.11
4.004,329.15
4.008,360.31
4.012,278.99
4.016,358.28
4.02,204.08
4.024,437.22
4.028,384.57
4.032,294.25
4.036,271.37
4.04,408.29
4.044,303.65
4.048,338.66
4.052,494.55
4.056,412.21
4.06,268.91
4.064,258.27
4.068,253.33
4.072,282.78
4.076,391.09
4.08,327.88
4.084,394.27
4.088,307.87
4.092,298.16
4.096,268.05
4.1,396.57
4.104,408.88
4.108,502.23
4.112,398.48
4.116,356.84
4.12,307.01
4.124,464.36
4.128,408.32
4.132,253.69
4.136,273.79
4.14,451.64
4.144,431.41
4.148,310.77
4.152,414.19
4.156,243
4.16,219.24
4.164,398.35
4.168,217.64
4.172,291.14
4.176,257.19
4.18,396.21
4.184,404.42
4.188,462.81
4.192,326.94
4.196,444.93
4.2,393.09
4.204,268.59
4.208,400.07
4.212,486.51
4.216,496.14
4.22,374.34
4.224,421.85
4.228,292.53
4.232,140.41
4.236,433.78
4.24,317.69
4.244,279.91
4.248,422.88
4.252,337.8
4.256,459.57
4.26,357.91
4.264,360.71
4.268,412.44
4.272,271.36
4.276,290.19
4.28,184.86
4.284,395.06
4.288,466.75
4.292,431.02
4.296,311.29
4.3,355.27
4.304,363.25
4.308,197.39
4.312,358.86
4.316,218.21
4.32,310.13
4.324,449.02
4.328,386.98
4.332,426.81
4.336,236.27
4.34,167.19
4.344,274.15
4.348,262.88
4.352,398.32
4.356,339.8
4.36,292.73
4.364,356.66
4.368,270.79
4.372,298.86
4.376,363.08
4.38,276.64
4.384,301.44
4.388,221.67
4.392,428.52
4.396,327.58
4.4,405.34
4.404,383.3
4.408,369.29
4.412,374.53
4.416,367.84
4.42,410.36
4.424,150.57
4.428,313.61
4.432,433.89
4.436,471.49
4.44,298.34
4.444,248.43
4.448,376.13
4.452,367.39
4.456,275.35
4.46,366.45
4.464,210.13
4.468,312.06
4.472,330.98
4.476,374.77
4.48,419.68
4.484,362.87
4.488,377.05
4.492,279.13
4.496,378.53
4.5,236.47
4.504,342.54
4.508,306.63
4.512,209.67
4.516,221.4
4.52,311.58
4.524,272.51
4.528,286.89
4.532,374.74
4.536,327.65
4.54,312.52
4.544,237.33
4.548,337.77
4.552,289.56
4.556,260.56
4.56,262
4.564,364.22
4.568,263.4
4.572,323.63
4.576,242.01
4.58,348.41
4.584,344.31
4.588,373.43
4.592,260.19
4.596,161.84
4.6,347.74
4.604,237.67
4.608,214.47
4.612,317.24
4.616,370.57
4.62,370.77
4.624,295.49
4.628,441.41
4.632,290.95
4.636,365.76
4.64,324.93
4.644,210.02
4.648,307.8
4.652,323.8
4.656,203.95
4.66,142.83
4.664,402.41
4.668,209.13
4.672,331.4
4.676,313.76
4.68,296.72
4.684,649
4.688,277.57
4.692,314.14
4.696,224.76
4.7,190.5
4.704,322.22
4.708,318.02
4.712,246.72
4.716,151.94
4.72,291.65
4.724,240.92
4.728,305.22
4.732,367.02
4.736,322.61
4.74,241.61
4.744,204.34
4.748,246.23
4.752,382.99
4.756,300.6
4.76,318.82
4.764,210.09
4.768,127.98
4.772,240.75
4.776,192.29
4.78,348.28
4.784,223.65
4.788,261.84
4.792,244.35
4.796,539
4.8,114.97
4.804,254.64
4.808,280.03
4.812,331.51
4.816,155.02
4.82,257.61
4.824,174.79
4.828,233.95
4.832,276.96
4.836,188.72
4.84,210.93
4.844,106.19
4.848,64.297
4.852,218.4
4.856,165.76
4.86,263.04
4.864,150.89
4.868,153.5
4.872,154.15
4.876,289.57
4.88,257.85
4.884,77.64
4.888,612
4.892,163.88
4.896,226.36
4.9,175.25
4.904,320.5
4.908,292.5
4.912,202.34
4.916,167.85
4.92,16
4.924,202.2
4.928,232.46
4.932,522
4.936,274.85
4.94,221.03
4.944,91.588
4.948,67.395
4.952,138.16
4.956,106.25
4.96,52.084
4.964,169.15
4.968,100.02
4.972,50.009
4.976,86.192
4.98,60.364
4.984,193.35
4.988,201.52
4.992,100.27
4.996,141.75
5,1.6905
5.004,104.81
5.008,66.131
5.012,111.81
5.016,176.15
5.02,183.91
5.024,59.093
5.028,240.57
5.032,107.52
5.036,85.183
5.04,134.93
5.044,182.93
5.048,31.705
5.052,172.29
5.056,-18.296
5.06,131.56
5.064,126.77
5.068,100.3
5.072,148.29
5.076,36.96
5.08,151.46
5.084,97.836
5.088,7.597
5.092,69.944
5.096,73.513
5.1,-47.651
5.104,100.48
5.108,126.14
5.112,135.86
5.116,-53.134
5.12,87.296
5.124,81.901
5.128,104.61
5.132,10.799
5.136,71.233
5.14,-11.282
5.144,122.74
5.148,142.47
5.152,-22.91
5.156,-353
5.16,56.28
5.164,170.89
5.168,54.899
5.172,100.54
5.176,21.299
5.18,93.903
5.184,45.484
5.188,74.891
5.192,106.71
5.196,-27.877
5.2,70.82
5.204,184.04
5.208,24.313
5.212,155.28
5.216,-28.349
5.22,-4.8261
5.224,84.867
5.228,-3.9997
5.232,58.107
5.236,161.47
5.24,46.791
5.244,-16.977
5.248,50.131
5.252,334.11
5.256,144.61
5.26,66.208
5.264,-38.159
5.268,3.9917
5.272,-41.422
5.276,58.457
5.28,-36.888
5.284,79.15
5.288,-50.928
5.292,115.94
5.296,95.869
5.3,-94.778
5.304,126.27
5.308,-34.058
5.312,274.41
5.316,38.382
5.32,56.933
5.324,64.733
5.328,15.786
5.332,57.607
5.336,61.497
5.34,227.09
5.344,141.72
5.348,-21.398
5.352,-48.92
5.356,-19.941
5.36,5.8466
5.364,3.9587
5.368,151.19
5.372,56.842
5.376,177.79
5.38,87.685
5.384,288.74
5.388,59.319
5.392,160.2
5.396,61.89
5.4,82.139
5.404,37.469
5.408,-35.15
5.412,56.694
5.416,38.197
5.42,46.986
5.424,25.853
5.428,23.767
5.432,119.06
5.436,88.085
5.44,101.47
5.444,28.276
5.448,-3.9456
5.452,60.086
5.456,19.16
5.46,109.64
5.464,47.741
5.468,82.641
5.472,144.35
5.476,89.353
5.48,39.648
5.484,13.335
5.488,6.6822
5.492,64.768
5.496,160.31
5.5,39.336
5.504,-21.844
5.508,-18.301
5.512,66.635
5.516,66.522
5.52,115.65
5.524,8.7851
5.528,211.05
5.532,170.16
5.536,78.009
5.54,166.94
5.544,-77.952
5.548,101.48
5.552,98.829
5.556,12
5.56,51.463
5.564,116.75
5.568,35.674
5.572,142.19
5.576,136.07
5.58,-12.365
5.584,31.726
5.588,12.627
5.592,5.4302
5.596,55.304
5.6,86.946
5.604,21.832
5.608,3.4879
5.612,84.002
5.616,-50.547
5.62,43.019
5.624,111.63
5.628,-18.038
5.632,66.47
5.636,76.883
5.64,154.88
5.644,80.141
5.648,64.067
5.652,26.799
5.656,44.728
5.66,74.18
5.664,181.16
5.668,84.746
5.672,25.818
5.676,52.322
5.68,6.0163
5.684,44.569
5.688,151.29
5.692,159.54
5.696,29.785
5.7,184.72
5.704,77.372
5.708,111.78
5.712,71.949
5.716,119.86
5.72,159.15
5.724,100.3
5.728,90.459
5.732,141.47
5.736,97.699
5.74,-29.96
5.744,31.947
5.748,265.95
5.752,-188
5.756,113.83
5.76,107.84
5.764,15.251
5.768,211.55
5.772,42.78
5.776,197.59
5.78,2.2432
5.784,140.87
5.788,92.589
5.792,141.33
5.796,138.65
5.8,86.997
5.804,131.08
5.808,225.31
5.812,216.07
5.816,253.4
5.82,182.63
5.824,176.36
5.828,249.96
5.832,71.975
5.836,108.48
5.84,38.576
5.844,151.02
5.848,116.01
5.852,84.848
5.856,83.915
5.86,102.94
5.864,110.1
5.868,111.73
5.872,28.745
5.876,119.68
5.88,78.09
5.884,138.1
5.888,243.7
5.892,242.61
5.896,130.47
5.9,135.81
5.904,43.287
5.908,175.35
5.912,153.99
5.916,115.6
5.92,147.11
5.924,303.82
5.928,102.06
5.932,95.402
5.936,131.5
5.94,34.066
5.944,65.836
5.948,241.42
5.952,57.06
5.956,108.28
5.96,408.52
5.964,85.6
5.968,128.59
5.972,233.48
5.976,250.77
5.98,150.87
5.984,59.43
5.988,244.3
5.992,301.48
5.996,326.66
6,168.05
6.004,115.35
6.008,101.88
6.012,131.32
6.016,154.68
6.02,327.27
6.024,272.94
6.028,225.23
6.032,325.27
6.036,233.09
6.04,198.12
6.044,190.73
6.048,215.17
6.052,188.29
6.056,269.07
6.06,211.77
6.064,277.34
6.068,251
6.072,301.06
6.076,91.923
6.08,170.81
6.084,296.35
6.088,342.11
6.092,260.96
6.096,178.74
6.1,336.66
6.104,256.36
6.108,219.55
6.112,105.04
6.116,232.47
6.12,373.28
6.124,278.04
6.128,176.67
6.132,241.21
6.136,405.56
6.14,312.97
6.144,270.51
6.148,351.95
6.152,256.5
6.156,306.51
6.16,381.18
6.164,256.99
6.168,383.55
6.172,238.48
6.176,375.05
6.18,186.55
6.184,211.44
6.188,204.18
6.192,225.57
6.196,346.66
6.2,188.97
6.204,303.47
6.208,332.61
6.212,203.55
6.216,431.22
6.22,292.74
6.224,174.53
6.228,299.43
6.232,267.98
6.236,371.71
6.24,278.01
6.244,362.34
6.248,334.5
6.252,286.06
6.256,314.78
6.26,260.23
6.264,277.68
6.268,252.56
6.272,289.51
6.276,386.39
6.28,108.23
6.284,375.38
6.288,378.26
6.292,178.07
6.296,308.38
6.3,297.71
6.304,208.04
6.308,222.23
6.312,269.88
6.316,492.9
6.32,355.59
6.324,427.62
6.328,316.6
6.332,298.53
6.336,359.11
6.34,177.75
6.344,205.1
6.348,299.6
6.352,222.08
6.356,304.86
6.36,205.93
6.364,470.22
6.368,277.06
6.372,285.18
6.376,457.35
6.38,472.71
6.384,456.13
6.388,303.89
6.392,379.56
6.396,303.37
6.4,334.99
6.404,462.49
6.408,434.62
6.412,272.99
6.416,285.16
6.42,377.17
6.424,243.46
6.428,370.8
6.432,347.43
6.436,422.11
6.44,351.23
6.444,370.95
6.448,496.38
6.452,491.2
6.456,335.12
6.46,225.42
6.464,415.02
6.468,413.1
6.472,236.98
6.476,295.58
6.48,373.3
6.484,335.77
6.488,358.11
6.492,309.64
6.496,313.64
6.5,405.7
6.504,382.2
6.508,293.31
6.512,282.34
6.516,346.07
6.52,472.69
6.524,437.13
6.528,344.54
6.532,224.61
6.536,410
6.54,322.46
6.544,378.48
6.548,441.84
6.552,305.33
6.556,319.2
6.56,444.79
6.564,405.3
6.568,354.22
6.572,410.95
6.576,321.77
6.58,-18
6.584,232.02
6.588,339
6.592,291.46
6.596,344.8
6.6,428.38
6.604,234.44
6.608,306.91
6.612,379.15
6.616,323.22
6.62,218.15
6.624,408.67
6.628,230.94
6.632,477.83
6.636,337.75
6.64,245.11
6.644,380.68
6.648,327.98
6.652,581.72
6.656,370.7
6.66,517.62
6.664,269.51
6.668,442.71
6.672,361.78
6.676,394.91
6.68,373.88
6.684,341.35
6.688,292.36
6.692,475.23
6.696,325.87
6.7,368.41
6.704,211.7
6.708,436
6.712,280.76
6.716,340.75
6.72,314.72
6.724,383.71
6.728,347.51
6.732,267.1
6.736,164.44
6.74,342.69
6.744,331.3
6.748,268.21
6.752,280.64
6.756,482.33
6.76,266.37
6.764,405.44
6.768,319.14
6.772,326.42
6.776,412.77
6.78,595
6.784,461.23
6.788,405.83
6.792,377.11
6.796,337.15
6.8,328.71
6.804,251
6.808,236.96
6.812,278.73
6.816,268.25
6.82,248.17
6.824,120.29
6.828,383.63
6.832,476.89
6.836,286.54
6.84,350.17
6.844,364.66
6.848,190.47
6.852,408.81
6.856,313.43
6.86,361.87
6.864,220.52
6.868,343.76
6.872,265.45
6.876,396.25
6.88,323.51
6.884,315.21
6.888,505.23
6.892,354.18
6.896,251.48
6.9,119.53
6.904,347.4
6.908,303.21
6.912,364.89
6.916,241.91
6.92,357.51
6.924,301.36
6.928,331.1
6.932,372.08
6.936,243.14
6.94,228.65
6.944,267.64
6.948,149.32
6.952,249.61
6.956,230.4
6.96,441.04
6.964,174.81
6.968,358
6.972,143.57
6.976,237.63
6.98,104.93
6.984,352.39
6.988,155.99
6.992,220.37
6.996,388.32
7,367.12
7.004,181.8
7.008,249.99
7.012,178.56
7.016,251.74
7.02,190.26
7.024,364.06
7.028,294.16
7.032,361
7.036,361.39
7.04,274.32
7.044,161
7.048,307.16
7.052,242.26
7.056,145.63
7.06,157.19
7.064,227.85
7.068,306.52
7.072,225.06
7.076,242.5
7.08,172.1
7.084,167.81
7.088,214.44
7.092,243.97
7.096,289.41
7.1,142.28
7.104,116.28
7.108,340.03
7.112,81.666
7.116,66.786
7.12,212.87
7.124,161.86
7.128,276.84
7.132,229.27
7.136,187.86
7.14,210.43
7.144,219.26
7.148,105.52
7.152,251.72
7.156,184.88
7.16,168.62
7.164,108.11
7.168,240.05
7.172,318.8
7.176,185.32
7.18,42.885
7.184,334.41
7.188,245.77
7.192,133.68
7.196,227.21
7.2,91.732
7.204,225.31
7.208,129.95
7.212,35.386
7.216,82.75
7.22,253.69
7.224,19.904
7.228,190.72
7.232,253.98
7.236,125
7.24,183.15
7.244,203.37
7.248,136.3
7.252,112.13
7.256,122.77
7.26,69.459
7.264,246.57
7.268,154.91
7.272,22.07
7.276,113.83
7.28,79.484
7.284,211.27
7.288,155.26
7.292,100.65
7.296,123.74
7.3,8.4434
7.304,137.2
7.308,89.046
7.312,305.08
7.316,490
7.32,79.276
7.324,215.2
7.328,131.46
7.332,50.849
7.336,193.87
7.34,53.628
7.344,115.2
7.348,171.05
7.352,151.59
7.356,206.64
7.36,264.35
7.364,113.64
7.368,100.72
7.372,145.93
7.376,141.29
7.38,44.207
7.384,308.44
7.388,110.75
7.392,96.764
7.396,45.536
7.4,127.16
7.404,4.8987
7.408,175.69
7.412,172.14
7.416,-29.298
7.42,135.84
7.424,88.478
7.428,135.9
7.432,81.727
7.436,54.445
7.44,47.181
7.444,98.058
7.448,-17.579
7.452,74.131
7.456,80.724
7.46,121.7
7.464,142.05
7.468,162.74
7.472,93.548
7.476,70.437
7.48,176.26
7.484,157.15
7.488,133.95
7.492,271.82
7.496,112.15
7.5,157.74
7.504,53.041
7.508,9.0748
7.512,250.66
7.516,78.966
7.52,204.81
7.524,128
7.528,240.06
7.532,45.344
7.536,103.02
7.54,67.612
7.544,10.423
7.548,44.064
7.552,-71.328
7.556,-11.891
7.56,74.593
7.564,7.1
7.568,94.412
7.572,127.95
7.576,-25.31
7.58,-18.855
7.584,98.861
7.588,89.662
7.592,124.36
7.596,-19.976
7.6,-14.774
7.604,67.983
7.608,-72.161
7.612,50.801
7.616,-46.133
7.62,-49.101
7.624,66.98
7.628,100.05
7.632,16.72
7.636,-29.493
7.64,27.233
7.644,45.581
7.648,210.84
7.652,-26.218
7.656,217.55
7.66,83.492
7.664,27.334
7.668,-19.275
7.672,107.22
7.676,154.7
7.68,161.87
7.684,17.453
7.688,106.84
7.692,142.99
7.696,5.2602
7.7,71.45
7.704,-85.792
7.708,42.362
7.712,-138.54
7.716,61.488
7.72,-36.894
7.724,-256
7.728,54.864
7.732,41.455
7.736,54.053
7.74,171.84
7.744,-12.154
7.748,105
7.752,157.51
7.756,34.728
7.76,119.92
7.764,-21.721
7.768,65.414
7.772,16.578
7.776,43.077
7.78,-25.404
7.784,78.84
7.788,35.339
7.792,-21.27
7.796,52.295
7.8,-137.55
7.804,13
7.808,168.96
7.812,26.749
7.816,-49.872
7.82,-51.374
7.824,50.514
7.828,-40.303
7.832,22.422
7.836,-23.726
7.84,80.665
7.844,57.164
7.848,-114
7.852,-31.467
7.856,144.04
7.86,26.251
7.864,20.859
7.868,16.365
7.872,99.783
7.876,38.333
7.88,85.637
7.884,78.647
7.888,7.1243
7.892,66.152
7.896,-45.273
7.9,45.349
7.904,100.64
7.908,18.026
7.912,72.651
7.916,52.383
7.92,-48.055
7.924,-6.9458
7.928,11.538
7.932,-122
7.936,-19.125
7.94,102.46
7.944,137.08
7.948,91.81
7.952,28.154
7.956,168.99
7.96,11.107
7.964,30.529
7.968,9.8055
7.972,125.77
7.976,10.451
7.98,66.764
7.984,-52.02
7.988,167.9
7.992,88.193
7.996,-17.611
8,124.68
8.004,99.638
8.008,111.63
8.012,103.65
8.016,60.928
8.02,-12.124
8.024,-20.869
8.028,69.686
8.032,47.054
8.036,108.03
8.04,241.73
8.044,87.148
8.048,198.3
8.052,45.849
8.056,54.647
8.06,86.751
8.064,272.82
8.068,32.17
8.072,152.78
8.076,26.584
8.08,244.96
8.084,35.413
8.088,159.96
8.092,103.54
8.096,220.76
8.1,90.443
8.104,130.95
8.108,181.7
8.112,62.66
8.116,118.3
8.12,-31.092
8.124,114.48
8.128,180.76
8.132,59.63
8.136,159.38
8.14,46.033
8.144,233
8.148,112.15
8.152,165.18
8.156,192.51
8.16,86.733
8.164,55.41
8.168,125.4
8.172,123.08
8.176,126.78
8.18,242.74
8.184,243.81
8.188,193.81
8.192,96.457
8.196,157.52
8.2,90.724
8.204,77.757
8.208,39.589
8.212,-25.19
8.216,257.43
8.22,175.17
8.224,55.911
8.228,-14.641
8.232,150.18
8.236,360.73
8.24,169.79
8.244,195.37
8.248,21.437
8.252,265.9
8.256,201.4
8.26,91.766
8.264,147.39
8.268,82.014
8.272,220.83
8.276,122.6
8.28,207.47
8.284,155.46
8.288,172.75
8.292,172.74
8.296,106.55
8.3,73.056
8.304,254.18
8.308,123.88
8.312,76.527
8.316,224.05
8.32,180.18
8.324,22.925
8.328,169.93
8.332,157.88
8.336,231.93
8.34,175.41
8.344,211.22
8.348,289.78
8.352,149.33
8.356,211.35
8.36,321.77
8.364,356.14
8.368,200.22
8.372,262
8.376,180.22
8.38,61.162
8.384,179.15
8.388,338.24
8.392,228.92
8.396,80.219
8.4,183.63
8.404,236.69
8.408,76.316
8.412,110.22
8.416,139.64
8.42,217.55
8.424,300.46
8.428,255.98
8.432,188.87
8.436,267.63
8.44,194.6
8.444,126.71
8.448,342.73
8.452,304.59
8.456,188.29
8.46,209.5
8.464,340.68
8.468,193.79
8.472,278.45
8.476,348.92
8.48,371.63
8.484,217.54
8.488,352.37
8.492,250.16
8.496,184.08
8.5,191.26
8.504,197.89
8.508,268.75
8.512,204.03
8.516,267.57
8.52,201.06
8.524,337.48
8.528,258.22
8.532,369.61
8.536,306.43
8.54,293.09
8.544,269.42
8.548,339.9
8.552,307.04
8.556,266.71
8.56,247.84
8.564,261.12
8.568,424.53
8.572,146.06
8.576,279.7
8.58,268.34
8.584,204.06
8.588,196.75
8.592,253.35
8.596,319.62
8.6,311.9
8.604,331.5
8.608,345.47
8.612,442.66
8.616,247.39
8.62,164.9
8.624,215.16
8.628,289.73
8.632,301.72
8.636,299.62
8.64,278.99
8.644,328.27
8.648,245.96
8.652,293.88
8.656,387.01
8.66,341.82
8.664,81.859
8.668,356.59
8.672,156.32
8.676,314.81
8.68,349.23
8.684,338.63
8.688,168.83
8.692,400.01
8.696,473.64
8.7,297.23
8.704,425.18
8.708,328.01
8.712,310.1
8.716,353.92
8.72,350.71
8.724,308.82
8.728,326.2
8.732,227.82
8.736,311.34
8.74,312.11
8.744,415.19
8.748,463.94
8.752,332.85
8.756,303.87
8.76,352.87
8.764,388.9
8.768,318.85
8.772,447.03
8.776,375.43
8.78,289.92
8.784,377.24
8.788,428.14
8.792,493.65
8.796,386.51
8.8,276.4
8.804,346.27
8.808,423.55
8.812,169.11
8.816,482.66
8.82,280.2
8.824,210.83
8.828,236.8
8.832,306.43
8.836,462.55
8.84,438.3
8.844,254.4
8.848,309.96
8.852,346.66
8.856,283.3
8.86,387.82
8.864,291.11
8.868,363.24
8.872,420.76
8.876,441.07
8.88,296.41
8.884,317.17
8.888,323.46
8.892,194.55
8.896,323.46
8.9,319.31
8.904,311.6
8.908,223.89
8.912,337.86
8.916,373.49
8.92,444.05
8.924,375.97
8.928,219.28
8.932,323.65
8.936,431.99
8.94,408.72
8.944,492.39
8.948,354.9
8.952,363.69
8.956,345.44
8.96,305.54
8.964,405.93
8.968,450.53
8.972,323.21
8.976,262.06
8.98,322.07
8.984,411.13
8.988,262.44
8.992,216.82
8.996,214.1
9,315.36
9.004,243.25
9.008,334.78
9.012,284.41
9.016,414.91
9.02,449.41
9.024,457.89
9.028,307.05
9.032,375.47
9.036,360.95
9.04,285.29
9.044,416.4
9.048,193.57
9.052,355.56
9.056,319.81
9.06,393.17
9.064,408.36
9.068,386.87
9.072,313.35
9.076,356.22
9.08,420.63
9.084,275.3
9.088,246.86
9.092,393.82
9.096,406.14
9.1,313.9
9.104,231.22
9.108,349.22
9.112,259.01
9.116,347.31
9.12,285.04
9.124,200.77
9.128,210.63
9.132,325.61
9.136,378.21
9.14,290.73
9.144,269.43
9.148,421.65
9.152,178.62
9.156,285.39
9.16,329.14
9.164,386
9.168,289.11
9.172,321.89
9.176,209.35
9.18,252.21
9.184,253.21
9.188,367.97
9.192,264.06
9.196,403.77
9.2,310.02
9.204,253.06
9.208,319.01
9.212,271.4
9.216,309.83
9.22,244.97
9.224,291.17
9.228,298.31
9.232,290.26
9.236,314.01
9.24,288.91
9.244,98.662
9.248,210.64
9.252,280.75
9.256,338.5
9.26,343.75
9.264,178.14
9.268,339.26
9.272,271.67
9.276,239.41
9.28,332.38
9.284,399.38
9.288,323.24
9.292,373.02
9.296,269.86
9.3,202.68
9.304,247.51
9.308,319.16
9.312,272.86
9.316,50
9.32,288.29
9.324,233.32
9.328,290.21
9.332,377.7
9.336,213.81
9.34,149.37
9.344,449.19
9.348,308.8
9.352,317.12
9.356,267.98
9.36,299.92
9.364,240.48
9.368,210.95
9.372,-121
9.376,275.71
9.38,289.04
9.384,281.23
9.388,260.71
9.392,259.53
9.396,265.4
9.4,215.08
9.404,239.92
9.408,208.72
9.412,279.48
9.416,254.09
9.42,253.13
9.424,308.64
9.428,195.51
9.432,159.42
9.436,216.8
9.44,80.62
9.444,139.67
9.448,324.63
9.452,139.33
9.456,238.39
9.46,204.79
9.464,255.47
9.468,171.48
9.472,92.247
9.476,318.81
9.48,200.06
9.484,211.42
9.488,89.54
9.492,121.8
9.496,186.8
9.5,148.1
9.504,148.34
9.508,148.75
9.512,199.1
9.516,196.32
9.52,249.53
9.524,149.06
9.528,96.997
9.532,129.49
9.536,269.84
9.54,215.15
9.544,311.46
9.548,282.64
9.552,279.02
9.556,162.36
9.56,177.36
9.564,108.46
9.568,242.18
9.572,103.53
9.576,96.575
9.58,268.51
9.584,97.312
9.588,31.607
9.592,190.34
9.596,127.61
9.6,140
9.604,164.47
9.608,127.63
9.612,197.2
9.616,138.18
9.62,224.52
9.624,166
9.628,202.23
9.632,107.42
9.636,96.837
9.64,44.434
9.644,173.34
9.648,128.05
9.652,168.17
9.656,89.767
9.66,67.97
9.664,150.33
9.668,217.64
9.672,277.83
9.676,236.96
9.68,168.18
9.684,89.365
9.688,89.809
9.692,152.2
9.696,67.677
9.7,133.13
9.704,19.523
9.708,145.97
9.712,100.26
9.716,88.523
9.72,53.343
9.724,230.55
9.728,102.63
9.732,228.64
9.736,164.4
9.74,15.812
9.744,107.53
9.748,19.521
9.752,-1.181
9.756,43.493
9.76,62.162
9.764,103.52
9.768,117.14
9.772,93.827
9.776,56.755
9.78,113.18
9.784,-33.43
9.788,168.07
9.792,166.77
9.796,129.25
9.8,180.45
9.804,44.751
9.808,56.443
9.812,66.528
9.816,206.65
9.82,9.2284
9.824,61.922
9.828,68.953
9.832,179.67
9.836,226.23
9.84,58.06
9.844,102.75
9.848,-26.209
9.852,4.0351
9.856,103.1
9.86,-20.011
9.864,69.738
9.868,32.964
9.872,145.03
9.876,122.7
9.88,69.905
9.884,-54.408
9.888,72.117
9.892,-0.58836
9.896,20.95
9.9,87.734
9.904,-22.273
9.908,-17.826
9.912,113.77
9.916,147
9.92,116.82
9.924,-66.353
9.928,92.382
9.932,-150
9.936,100.23
9.94,-35.926
9.944,206.22
9.948,185.37
9.952,122.91
9.956,25.493
9.96,23.68
9.964,68.902
9.968,137.38
9.972,73.448
9.976,110.75
9.98,9.4184
9.984,114.6
9.988,-18.431
9.992,77.501
9.996,70.181
10,25.047
10.004,-0.87679
10.008,83.318
10.012,75.629
10.016,157.72
10.02,87.982
10.024,131.57
10.028,79.31
10.032,-5.5236
10.036,82.666
10.04,46.054
10.044,0.60293
10.048,-78.644
10.052,90.67
10.056,187.62
10.06,28.251
10.064,106.37
10.068,161.07
10.072,65.52
10.076,-61.228
10.08,68.073
10.084,66.259
10.088,240.95
10.092,29.1
10.096,51.278
10.1,117.44
10.104,123.16
10.108,-38.348
10.112,160.93
10.116,95.065
10.12,16.972
10.124,5.8928
10.128,-29.204
10.132,45.59
10.136,-30.396
10.14,4.5411
10.144,65.354
10.148,-28.344
10.152,54.337
10.156,117.54
10.16,86.118
10.164,33.684
10.168,67.602
10.172,75.841
10.176,451
10.18,62.367
10.184,138
10.188,19.465
10.192,-53.441
10.196,6.5821
10.2,156.39
10.204,-16.776
10.208,-0.68564
10.212,-16.577
10.216,349
10.22,41
10.224,143.52
10.228,-20.498
10.232,95.257
10.236,-27.149
10.24,58.266
10.244,-2.3065
10.248,230.51
10.252,18.392
10.256,124.86
10.26,34.982
10.264,57.452
10.268,50.692
10.272,112.67
10.276,48.383
10.28,-121.89
10.284,-75.795
10.288,-36.289
10.292,126.99
10.296,155.13
10.3,61.33
10.304,15.234
10.308,113.9
10.312,-135.81
10.316,76.909
10.32,15.456
10.324,188.96
10.328,-113.11
10.332,122.8
10.336,184.92
10.34,121.51
10.344,108.13
10.348,95.026
10.352,45.058
10.356,112.72
10.36,139.95
10.364,125.12
10.368,79.306
10.372,-5.009
10.376,-36.314
10.38,96.135
10.384,57.83
10.388,9.4112
10.392,94.704
10.396,41.489
10.4,125.07
10.404,98.01
10.408,94.895
10.412,137.82
10.416,125.9
10.42,22.197
10.424,1.616
10.428,151.68
10.432,145.42
10.436,169.2
10.44,39.896
10.444,90.678
10.448,-2.8377
10.452,25.983
10.456,111.75
10.46,53.573
10.464,-97.996
10.468,78.058
10.472,70.681
10.476,137.92
10.48,178.33
10.484,212.09
10.488,207.74
10.492,63.894
10.496,84.06
10.5,163.93
10.504,80.947
10.508,251.85
10.512,153.72
10.516,192.01
10.52,146.8
10.524,94
10.528,75.59
10.532,77.003
10.536,85.211
10.54,133.58
10.544,192.43
10.548,92.143
10.552,128.95
10.556,157.45
10.56,55.608
10.564,143.29
10.568,163.97
10.572,69.199
10.576,189.81
10.58,185.23
10.584,192.65
10.588,91.142
10.592,190.94
10.596,230.07
10.6,140.32
10.604,165.25
10.608,227.5
10.612,190.14
10.616,185.71
10.62,128.44
10.624,263.25
10.628,153.56
10.632,167.79
10.636,237.49
10.64,89.863
10.644,152.34
10.648,-15.038
10.652,244.66
10.656,223.57
10.66,21.007
10.664,49.028
10.668,134.43
10.672,185.45
10.676,295.56
10.68,388.1
10.684,199.52
10.688,302.21
10.692,182.82
10.696,244
10.7,126.36
10.704,293.85
10.708,154.34
10.712,200.22
10.716,84.445
10.72,230.61
10.724,205.94
10.728,328.34
10.732,261.06
10.736,251.46
10.74,187.66
10.744,191.96
10.748,215.64
10.752,189.99
10.756,181.09
10.76,243.17
10.764,261.78
10.768,173.5
10.772,299.53
10.776,243.18
10.78,244.87
10.784,240.98
10.788,301.97
10.792,223.08
10.796,177.82
10.8,92.01
10.804,243.08
10.808,222.96
10.812,438.44
10.816,154.84
10.82,234.14
10.824,433.26
10.828,258.77
10.832,359.67
10.836,223.04
10.84,309.75
10.844,494.03
10.848,265.43
10.852,248.75
10.856,150.43
10.86,258.24
10.864,245.14
10.868,250.98
10.872,212.31
10.876,147.73
10.88,341.46
10.884,166.65
10.888,221.11
10.892,290.74
10.896,322.18
10.9,303.62
10.904,308.86
10.908,219.08
10.912,336.41
10.916,211.49
10.92,438.53
10.924,249.36
10.928,396.88
10.932,287.93
10.936,98.327
10.94,247.38
10.944,331.24
10.948,188.64
10.952,209.47
10.956,228.63
10.96,297.2
10.964,324.64
10.968,269.9
10.972,242.62
10.976,318.44
10.98,389.84
10.984,223.6
10.988,204.6
10.992,253.52
10.996,360.39
11,255.36
11.004,467.39
11.008,263.51
11.012,388.88
11.016,531.47
11.02,338.56
11.024,277.98
11.028,235.96
11.032,425.72
11.036,333.47
11.04,345.46
11.044,351.27
11.048,321.59
11.052,404.38
11.056,401.16
11.06,390.16
11.064,395.49
11.068,308.4
11.072,394.18
11.076,303.46
11.08,469.25
11.084,320.16
11.088,321.98
11.092,320.69
11.096,333.03
11.1,267.17
11.104,163.08
11.108,286.97
11.112,172.41
11.116,205.58
11.12,384.01
11.124,217.81
11.128,314.76
11.132,283.08
11.136,302.77
11.14,312.53
11.144,1068.2
11.148,294.09
11.152,330.03
11.156,360.63
11.16,342.47
11.164,317.33
11.168,338.23
11.172,313.43
11.176,305.67
11.18,280.38
11.184,223.72
11.188,398.56
11.192,225.24
11.196,283.99
11.2,255.53
11.204,423.26
11.208,337.93
11.212,365.18
11.216,268.46
11.22,181.81
11.224,329.05
11.228,218.27
11.232,344.11
11.236,461
11.24,437.78
11.244,354.49
11.248,318.57
11.252,386.64
11.256,362
11.26,465.75
11.264,297.49
11.268,98.684
11.272,411.66
11.276,255.66
11.28,376.49
11.284,501.43
11.288,289.02
11.292,222.19
11.296,374.7
11.3,267.53
11.304,343.4
11.308,297.48
11.312,391.75
11.316,319.6
11.32,260.76
11.324,464.55
11.328,303.35
11.332,261.47
11.336,307.57
11.34,299.99
11.344,435.09
11.348,390.08
11.352,403.06
11.356,421.42
11.36,366.74
11.364,319.93
11.368,260.44
11.372,372.52
11.376,284.47
11.38,199.9
11.384,399.67
11.388,491.05
11.392,381.45
11.396,315.74
11.4,372.25
11.404,510.66
11.408,376.27
11.412,393.06
11.416,248.38
11.42,266.72
11.424,348.51
11.428,290.02
11.432,234.2
11.436,305.8
11.44,310.65
11.444,360.22
11.448,374.9
11.452,304.75
11.456,314.22
11.46,289.09
11.464,187.81
11.468,377.9
11.472,232.41
11.476,409.19
11.48,194.97
11.484,433.65
11.488,135.82
11.492,231.2
11.496,360.81
11.5,447.94
11.504,191
11.508,338.64
11.512,217.11
11.516,273.92
11.52,265.96
11.524,289.46
11.528,199.23
11.532,371.37
11.536,292.26
11.54,367.83
11.544,291.6
11.548,280.13
11.552,371.26
11.556,266.33
11.56,383.38
11.564,214.46
11.568,450.16
11.572,317.05
11.576,224.91
11.58,348.37
11.584,278.42
11.588,160.56
11.592,421.28
11.596,359.85
11.6,234.48
11.604,283.73
11.608,355.87
11.612,327.14
11.616,233.44
11.62,669
11.624,155.73
11.628,149.14
11.632,204.51
11.636,256.66
11.64,234.58
11.644,387.78
11.648,351.38
11.652,309.14
11.656,190.47
11.66,290
11.664,230.07
11.668,154.81
11.672,215.37
11.676,318.11
11.68,283.23
11.684,175.74
11.688,248.52
11.692,248.28
11.696,249.03
11.7,311.54
11.704,199.33
11.708,294.82
11.712,177.74
11.716,211.89
11.72,170.07
11.724,317.94
11.728,246.12
11.732,336.46
11.736,184.1
11.74,216.98
11.744,271.03
11.748,335.12
11.752,315.02
11.756,285.42
11.76,237.23
11.764,162.4
11.768,204.55
11.772,101.65
11.776,291.26
11.78,265.88
11.784,94.828
11.788,267.51
11.792,266.15
11.796,189.65
11.8,165.06
11.804,212.84
11.808,101.99
11.812,231.98
11.816,109.72
11.82,185.96
11.824,61.999
11.828,269.64
11.832,134.27
11.836,177.92
11.84,240.13
11.844,252.68
11.848,154.67
11.852,161.3
11.856,102.51
11.86,222.22
11.864,265.04
11.868,122.12
11.872,278.62
11.876,155.02
11.88,195.84
11.884,88.202
11.888,135.35
11.892,196.47
11.896,230.69
11.9,189.41
11.904,280.94
11.908,121.39
11.912,166.64
11.916,304.57
11.92,128.33
11.924,303.86
11.928,141.87
11.932,38.134
11.936,198.57
11.94,192.72
11.944,116.52
11.948,100.06
11.952,68.459
11.956,46.914
11.96,190.79
11.964,36.337
11.968,274.97
11.972,219.5
11.976,144.15
11.98,23.95
11.984,146.75
11.988,92.42
11.992,237.02
11.996,55.484
12,49.859
12.004,103.45
12.008,52.109
12.012,98.319
12.016,115.74
12.02,122.47
12.024,222.81
12.028,154.63
12.032,-44.671
12.036,90.102
12.04,53.472
12.044,200.09
12.048,155.34
12.052,100.5
12.056,-7.222
12.06,20.16
12.064,88.101
12.068,-27.499
12.072,149.68
12.076,161.79
12.08,92.685
12.084,221.48
12.088,29.964
12.092,105.29
12.096,149.66
12.1,-76.886
12.104,75.333
12.108,41.917
12.112,167.18
12.116,210.29
12.12,101.51
12.124,191.68
12.128,-80.803
12.132,91.295
12.136,53.642
12.14,152.28
12.144,186.95
12.148,67.814
12.152,42.232
12.156,180.35
12.16,106.78
12.164,152.88
12.168,94.593
12.172,106.6
12.176,174
12.18,141.53
12.184,81.039
12.188,139.04
12.192,-11.22
12.196,157.17
12.2,108.29
12.204,165.7
12.208,36.212
12.212,52.209
12.216,144.9
12.22,60.194
12.224,-2.6877
12.228,9.3584
12.232,-89.61
12.236,40.219
12.24,95.514
12.244,-49.26
12.248,53.599
12.252,51.727
12.256,-11.707
12.26,207.48
12.264,72.418
12.268,68.367
12.272,256.83
12.276,47.085
12.28,0.02575
12.284,-12.659
12.288,181.2
12.292,59.962
12.296,71.913
12.3,130.28
12.304,-34.476
12.308,127.93
12.312,177.11
12.316,144.04
12.32,9.7127
12.324,83.236
12.328,103.1
12.332,91.132
12.336,-33.796
12.34,-4.5245
12.344,81.026
12.348,45.106
12.352,193.93
12.356,-115.06
12.36,65.066
12.364,92.164
12.368,114.05
12.372,137.87
12.376,96.439
12.38,191.09
12.384,161.08
12.388,38.145
12.392,39.293
12.396,23.401
12.4,48.95
12.404,16.543
12.408,10.685
12.412,34.532
12.416,422
12.42,58.86
12.424,7.7171
12.428,-0.67601
12.432,-4.8597
12.436,-28.042
12.44,48.661
12.444,50.427
12.448,-29.774
12.452,159.74
12.456,-14.547
12.46,226.13
12.464,115.91
12.468,2.9292
12.472,14.784
12.476,48.102
12.48,23.989
12.484,10.515
12.488,209.53
12.492,177.2
12.496,72.29
12.5,46.08
12.504,82.32
12.508,209.74
12.512,204.79
12.516,102.02
12.52,74.362
12.524,13.259
12.528,163.6
12.532,103.4
12.536,110.27
12.54,61.483
12.544,-74.208
12.548,-21.621
12.552,149.21
12.556,61.078
12.56,56.417
12.564,94.049
12.568,36.654
12.572,133.84
12.576,188.43
12.58,159.84
12.584,83.026
12.588,73.453
12.592,156.84
12.596,103.99
12.6,91.88
12.604,80.103
12.608,56.833
12.612,-48.502
12.616,-79.483
12.62,159.66
12.624,169.86
12.628,145.25
12.632,99.419
12.636,-59.206
12.64,134.7
12.644,155.44
12.648,66.498
12.652,176.08
12.656,65.978
12.66,158
12.664,-42.046
12.668,70.09
12.672,87.255
12.676,57.447
12.68,-15.885
12.684,99.245
12.688,153.88
12.692,58.021
12.696,101.65
12.7,131.8
12.704,70.247
12.708,-10.319
12.712,205.53
12.716,127.36
12.72,145.67
12.724,12.286
12.728,54.057
12.732,166.32
12.736,3.1318
12.74,4.2009
12.744,32.68
12.748,216.46
12.752,78.045
12.756,197.54
12.76,103.21
12.764,133.58
12.768,216.13
12.772,110.25
12.776,-14.65
12.78,72.119
12.784,139.87
12.788,36
12.792,128.05
12.796,74.178
12.8,131.53
12.804,68.344
12.808,50.161
12.812,41.376
12.816,154.18
12.82,114.83
12.824,73.259
12.828,169.68
12.832,-25.062
12.836,28.514
12.84,168.23
12.844,89.499
12.848,92.729
12.852,271.39
12.856,12.022
12.86,157.3
12.864,202.29
12.868,27.826
12.872,198.48
12.876,195.07
12.88,90.846
12.884,125.13
12.888,123.84
12.892,102.02
12.896,276.24
12.9,101.97
12.904,167.19
12.908,129.3
12.912,286.73
12.916,182.51
12.92,254.21
12.924,168.82
12.928,194.33
12.932,132.55
12.936,233.19
12.94,304.88
12.944,35.582
12.948,233.6
12.952,258.09
12.956,188.48
12.96,116.61
12.964,132.59
12.968,312.3
12.972,151.15
12.976,194.87
12.98,295.54
12.984,273.76
12.988,136.47
12.992,132.73
12.996,6.929
13,252.52
13.004,109.76
13.008,233.96
13.012,95.563
13.016,266.47
13.02,267.89
13.024,201.29
13.028,203.33
13.032,258.76
13.036,407.28
13.04,55.807
13.044,164.89
13.048,171.13
13.052,244.36
13.056,282.37
13.06,143
13.064,242.23
13.068,260.95
13.072,195.69
13.076,134.82
13.08,159.57
13.084,138.55
13.088,298.8
13.092,230.5
13.096,385.04
13.1,300.99
13.104,116
13.108,138.17
13.112,280.99
13.116,263.22
13.12,225.51
13.124,161.46
13.128,216.97
13.132,419.41
13.136,212.55
13.14,249.21
13.144,361.31
13.148,205.76
13.152,284.1
13.156,239.52
13.16,272.95
13.164,284.32
13.168,326.07
13.172,200.38
13.176,267.66
13.18,271.66
13.184,261.16
13.188,353.81
13.192,334.06
13.196,312.55
13.2,297.75
13.204,438.18
13.208,254.89
13.212,150.87
13.216,281.57
13.22,149.9
13.224,355.02
13.228,252.14
13.232,328.33
13.236,336.6
13.24,303.51
13.244,189.59
13.248,313.74
13.252,171.43
13.256,386.32
13.26,296.68
13.264,252.45
13.268,295.19
13.272,194.45
13.276,331.51
13.28,257.94
13.284,263.86
13.288,321.94
13.292,209.28
13.296,362.78
13.3,242.61
13.304,425.24
13.308,318.25
13.312,162.88
13.316,361.44
13.32,199.19
13.324,307.81
13.328,250.55
13.332,363.68
13.336,399.34
13.34,224.47
13.344,407.62
13.348,369.63
13.352,251.15
13.356,273.67
13.36,278.65
13.364,250.27
13.368,210.31
13.372,340.11
13.376,470.9
13.38,438.73
13.384,332.74
13.388,506.99
13.392,388.37
13.396,289.96
13.4,338.03
13.404,323.15
13.408,333.81
13.412,186.54
13.416,271.94
13.42,408
13.424,293.71
13.428,423.83
13.432,308.8
13.436,390.7
13.44,299.8
13.444,353.98
13.448,378.45
13.452,267.51
13.456,302.05
13.46,348
13.464,274
13.468,309.67
13.472,364.01
13.476,432.73
13.48,286.43
13.484,178.69
13.488,458.98
13.492,364.78
13.496,267.3
13.5,273.82
13.504,339.82
13.508,310.92
13.512,365.07
13.516,280.91
13.52,412.15
13.524,344.08
13.528,244.77
13.532,221.44
13.536,348.86
13.54,369.05
13.544,263.29
13.548,450.89
13.552,320.36
13.556,354.57
13.56,311.04
13.564,321.52
13.568,376.67
13.572,283.29
13.576,385.1
13.58,273.55
13.584,425.84
13.588,301.23
13.592,249.65
13.596,244.6
13.6,451.81
13.604,407.91
13.608,505.73
13.612,307.38
13.616,197.65
13.62,426.49
13.624,246
13.628,313.5
13.632,321.08
13.636,338.23
13.64,348
13.644,307.64
13.648,295.24
13.652,355.06
13.656,352.67
13.66,320.91
13.664,276.62
13.668,243.29
13.672,430.9
13.676,312.89
13.68,230.76
13.684,310.92
13.688,286.56
13.692,615
13.696,374.69
13.7,310.91
13.704,340.35
13.708,271.57
13.712,435.05
13.716,257.14
13.72,372.47
13.724,267.79
13.728,408.15
13.732,441.16
13.736,367.65
13.74,364.92
13.744,438.95
13.748,335.25
13.752,361.64
13.756,331.44
13.76,248.24
13.764,346.28
13.768,712
13.772,274.65
13.776,383.54
13.78,399.64
13.784,289.1
13.788,320.75
13.792,353.38
13.796,465.61
13.8,213.63
13.804,295.43
13.808,319.33
13.812,179.12
13.816,277.16
13.82,281.96
13.824,132.04
13.828,260.51
13.832,352.64
13.836,215.64
13.84,342.99
13.844,258.68
13.848,337.02
13.852,338.93
13.856,334.46
13.86,262.06
13.864,257.81
13.868,157.64
13.872,373.09
13.876,300.74
13.88,311.75
13.884,300.22
13.888,119.35
13.892,264.52
13.896,446
13.9,287.01
13.904,329.08
13.908,426.08
13.912,223.37
13.916,231.45
13.92,381.54
13.924,156.65
13.928,218.04
13.932,249.1
13.936,200.86
13.94,170.11
13.944,166.88
13.948,333.61
13.952,265.82
13.956,336.87
13.96,274.84
13.964,245.63
13.968,398.69
13.972,230.42
13.976,323.2
13.98,209.03
13.984,229.6
13.988,293.54
13.992,187.23
13.996,308.16
14,319.53
14.004,315.17
14.008,126.67
14.012,338.02
14.016,203.5
14.02,287.08
14.024,283.13
14.028,150.94
14.032,161.7
14.036,274.11
14.04,282.88
14.044,277.67
14.048,242.04
14.052,298.51
14.056,201.15
14.06,302.31
14.064,349.36
14.068,170.13
14.072,234.21
14.076,292.96
14.08,309.86
14.084,231.47
14.088,270.61
14.092,220.65
14.096,160
14.1,339.79
14.104,402.69
14.108,276.96
14.112,315.03
14.116,273.3
14.12,261.83
14.124,262.13
14.128,135.71
14.132,165.11
14.136,79.377
14.14,156.45
14.144,284.81
14.148,206.32
14.152,95.611
14.156,185.07
14.16,202.63
14.164,158.39
14.168,286.89
14.172,98.101
14.176,226.96
14.18,234.39
14.184,69.805
14.188,186.09
14.192,151.89
14.196,115.03
14.2,250.38
14.204,44.371
14.208,-60
14.212,247.76
14.216,80.775
14.22,117.85
14.224,215.92
14.228,107.33
14.232,197.71
14.236,50.57
14.24,271.44
14.244,210.86
14.248,135.24
14.252,155.3
14.256,269.56
14.26,134.96
14.264,156.5
14.268,207.17
14.272,301.16
14.276,136.69
14.28,86.125
14.284,155.16
14.288,159.3
14.292,231.21
14.296,141.28
14.3,105.03
14.304,103.12
14.308,109.18
14.312,126.7
14.316,5.8602
14.32,52.038
14.324,23.05
14.328,220.65
14.332,303.82
14.336,-38.333
14.34,168.65
14.344,218.57
14.348,171.06
14.352,234.7
14.356,231.12
14.36,-19.654
14.364,47.231
14.368,62.192
14.372,143.43
14.376,151.82
14.38,107.48
14.384,96.114
14.388,219.3
14.392,38.311
14.396,118.38
14.4,-2.7237
14.404,-8.5266
14.408,83.947
14.412,163.52
14.416,38.17
14.42,189.11
14.424,-119.88
14.428,179.46
14.432,209.63
14.436,17.681
14.44,1.8302
14.444,64.544
14.448,171.62
14.452,-55.872
14.456,52.13
14.46,82.472
14.464,166.98
14.468,184.12
14.472,65.188
14.476,209.87
14.48,57.878
14.484,117.89
14.488,46.3
14.492,159.5
14.496,158.48
14.5,87.673
14.504,41.394
14.508,246.89
14.512,161.09
14.516,117.63
14.52,-42.76
14.524,146.63
14.528,74.509
14.532,-20.827
14.536,30.907
14.54,134.55
14.544,36.947
14.548,-27.04
14.552,210.45
14.556,106.05
14.56,177.08
14.564,5.1984
14.568,159.72
14.572,23.341
14.576,184.76
14.58,58.383
14.584,146.56
14.588,-47.89
14.592,167.69
14.596,-17.941
14.6,-7.208
14.604,56.466
14.608,132.37
14.612,95.402
14.616,42.623
14.62,128.68
14.624,76.765
14.628,43.083
14.632,0.98715
14.636,9.8479
14.64,87.142
14.644,127.68
14.648,70.166
14.652,69.157
14.656,15.92
14.66,46.882
14.664,216.94
14.668,105.08
14.672,108.36
14.676,-13.034
14.68,-7.1267
14.684,-17.049
14.688,74.637
14.692,85.037
14.696,204.82
14.7,61.714
14.704,87.784
14.708,174.04
14.712,14.348
14.716,100.28
14.72,159.7
14.724,-1.4911
14.728,-15.832
14.732,78.417
14.736,88.97
14.74,-22.76
14.744,50.511
14.748,27.232
14.752,-27.23
14.756,131.77
14.76,-15.368
14.764,4.915
14.768,-48.105
14.772,44.401
14.776,90.666
14.78,-61.239
14.784,11.231
14.788,-11.401
14.792,99.767
14.796,58.788
14.8,-19.487
14.804,78.841
14.808,71.031
14.812,92.513
14.816,80.615
14.82,88.671
14.824,40.758
14.828,165.41
14.832,153.23
14.836,138.86
14.84,154.63
14.844,217.83
14.848,44
14.852,270.98
14.856,164.45
14.86,66.664
14.864,34.918
14.868,-34.261
14.872,90.025
14.876,30.103
14.88,109.18
14.884,71.633
14.888,182.02
14.892,201.58
14.896,150.15
14.9,55.65
14.904,208.78
14.908,48.112
14.912,30.455
14.916,148.1
14.92,136.87
14.924,-7.8161
14.928,43.787
14.932,97.73
14.936,21.587
14.94,66.507
14.944,111.2
14.948,-23.793
14.952,251.68
14.956,217.17
14.96,243.56
14.964,186.77
14.968,138.82
14.972,-82.233
14.976,140.03
14.98,173.19
14.984,163.35
14.988,46.833
14.992,88.39
14.996,51.244
15,155.98
15.004,78.911
15.008,169.29
15.012,95.618
15.016,-28.164
15.02,140.12
15.024,71.458
15.028,131.5
15.032,183.78
15.036,163.98
15.04,226.09
15.044,1.4015
15.048,130.24
15.052,112.77
15.056,89.669
15.06,221.8
15.064,177.45
15.068,69.466
15.072,-11.729
15.076,134.21
15.08,247.5
15.084,69.724
15.088,134.76
15.092,-23.698
15.096,179.93
15.1,296.13
15.104,80.632
15.108,147.02
15.112,117.77
15.116,219.66
15.12,199.76
15.124,501
15.128,175.62
15.132,145.74
15.136,31.03
15.14,172.07
15.144,16.811
15.148,195.51
15.152,151.78
15.156,-13.597
15.16,42.698
15.164,118.13
15.168,180.89
15.172,53.531
15.176,294.84
15.18,186.32
15.184,160.81
15.188,108.27
15.192,169.13
15.196,82.132
15.2,194.18
15.204,187.52
15.208,139.35
15.212,79.301
15.216,134.24
15.22,102.45
15.224,260.52
15.228,172.3
15.232,159.19
15.236,170.12
15.24,364.91
15.244,138.92
15.248,140.77
15.252,254.58
15.256,121.8
15.26,311.77
15.264,163.19
15.268,150.39
15.272,245.87
15.276,328.2
15.28,198.38
15.284,374.6
15.288,146.94
15.292,74.443
15.296,260.63
15.3,210.54
15.304,17.432
15.308,254.05
15.312,200.53
15.316,311.29
15.32,164.39
15.324,147.48
15.328,141.62
15.332,208.92
15.336,225.8
15.34,269.12
15.344,179.67
15.348,237.95
15.352,97.414
15.356,186.79
15.36,351.74
15.364,250.9
15.368,270.65
15.372,155.89
15.376,174.41
15.38,274.63
15.384,188.23
15.388,312.49
15.392,229
15.396,242.39
15.4,402.75
15.404,232.42
15.408,321.67
15.412,301.48
15.416,276.18
15.42,177.78
15.424,313.57
15.428,125.82
15.432,224.74
15.436,190.66
15.44,281.71
15.444,307.56
15.448,180.26
15.452,262.24
15.456,255.57
15.46,226.3
15.464,311.22
15.468,188.1
15.472,316.58
15.476,486.01
15.48,277.9
15.484,54.451
15.488,61.924
15.492,292.22
15.496,219.99
15.5,411.93
15.504,285.14
15.508,245.38
15.512,194.01
15.516,144.33
15.52,335.62
15.524,40.203
15.528,326.66
15.532,247.23
15.536,209.25
15.54,219.78
15.544,254.83
15.548,188.15
15.552,254.28
15.556,270.13
15.56,362.33
15.564,603
15.568,322.72
15.572,138.76
15.576,219.42
15.58,351
15.584,413.55
15.588,281.12
15.592,278.91
15.596,256.78
15.6,224.98
15.604,234.98
15.608,299.32
15.612,316.39
15.616,165.94
15.62,299.8
15.624,306.31
15.628,341.54
15.632,374.56
15.636,270.64
15.64,238.5
15.644,151.82
15.648,160.61
15.652,179.8
15.656,305.55
15.66,310.94
15.664,304.48
15.668,448.22
15.672,435.63
15.676,280.17
15.68,359.67
15.684,362.4
15.688,292.35
15.692,225.79
15.696,127.68
15.7,119.78
15.704,245.76
15.708,303.2
15.712,401.19
15.716,456.13
15.72,425.7
15.724,318.46
15.728,350
15.732,315.96
15.736,272.56
15.74,248.91
15.744,281.15
15.748,188.48
15.752,185.19
15.756,309.33
15.76,425.8
15.764,481.64
15.768,326.99
15.772,199.19
15.776,288.03
15.78,251.64
15.784,372.66
15.788,291.3
15.792,339.15
15.796,583
15.8,333
15.804,402.31
15.808,287.74
15.812,312.98
15.816,288.94
15.82,393.93
15.824,363.95
15.828,278.14
15.832,267.89
15.836,227.25
15.84,243.53
15.844,367.56
15.848,333.64
15.852,280.65
15.856,338.44
15.86,143.02
15.864,439.98
15.868,296.85
15.872,304.53
15.876,287.35
15.88,325.61
15.884,245.36
15.888,301.2
15.892,387.87
15.896,343.56
15.9,385.17
15.904,473.39
15.908,292.35
15.912,335.55
15.916,348.1
15.92,293.01
15.924,348.61
15.928,373.89
15.932,370.58
15.936,262.98
15.94,272.74
15.944,314.14
15.948,360.64
15.952,365.34
15.956,410.04
15.96,356.5
15.964,480.1
15.968,356.17
15.972,227.91
15.976,456.04
15.98,276.88
15.984,89.587
15.988,420.59
15.992,262.01
15.996,293.06
16,392.86
16.004,255.03
16.008,391.09
16.012,278.86
16.016,454.04
16.02,266.65
16.024,295.12
16.028,338.62
16.032,254.3
16.036,318.39
16.04,316.11
16.044,244.79
16.048,343.68
16.052,468.4
16.056,366
16.06,436.37
16.064,295.34
16.068,271.52
16.072,400.73
16.076,419.55
16.08,276.7
16.084,333.8
16.088,311.55
16.092,267.97
16.096,300.53
16.1,290.62
16.104,212.29
16.108,408.12
16.112,306.11
16.116,250.76
16.12,279.7
16.124,245.52
16.128,253.55
16.132,45
16.136,353.07
16.14,325.86
16.144,456.01
16.148,304.33
16.152,234.43
16.156,309.76
16.16,334.8
16.164,209.78
16.168,329.92
16.172,355.6
16.176,212.86
16.18,367.73
16.184,339.18
16.188,342.07
16.192,252.39
16.196,353.39
16.2,277.27
16.204,248.89
16.208,255.54
16.212,235.51
16.216,220.56
16.22,194.78
16.224,501.4
16.228,281.14
16.232,178.86
16.236,341.4
16.24,291.19
16.244,147.56
16.248,212.43
16.252,167.85
16.256,250.19
16.26,237.51
16.264,323.28
16.268,397.46
16.272,195.52
16.276,127.14
16.28,215.46
16.284,250.43
16.288,292.21
16.292,351.19
16.296,164
16.3,177.75
16.304,355.59
16.308,321.64
16.312,295.06
16.316,228.97
16.32,274.57
16.324,270.72
16.328,231.51
16.332,165.99
16.336,395.16
16.34,216.16
16.344,273.55
16.348,125.81
16.352,110.06
16.356,255.3
16.36,172.51
16.364,346.03
16.368,241.47
16.372,228.36
16.376,206.26
16.38,312.88
16.384,155.85
16.388,296.16
16.392,163.71
16.396,184
16.4,74.745
16.404,107.61
16.408,258.68
16.412,269.92
16.416,295.24
16.42,243.51
16.424,74.355
16.428,155.19
16.432,125.93
16.436,94.851
16.44,238.22
16.444,133.44
16.448,193.41
16.452,202.42
16.456,141.87
16.46,257.34
16.464,242.67
16.468,191.1
16.472,247.57
16.476,240.92
16.48,84.008
16.484,271.4
16.488,155.43
16.492,78.296
16.496,109.13
16.5,116.6
16.504,89.896
16.508,110.75
16.512,135.19
16.516,220.4
16.52,217.96
16.524,155.42
16.528,337.48
16.532,296.35
16.536,314.15
16.54,167.51
16.544,157.56
16.548,267.4
16.552,142.41
16.556,79.564
16.56,100.09
16.564,135.91
16.568,1.1882
16.572,42.189
16.576,126.57
16.58,144.49
16.584,176.34
16.588,202.22
16.592,55.82
16.596,-9.6591
16.6,282.32
16.604,132.7
16.608,68.768
16.612,135.63
16.616,224.43
16.62,136.44
16.624,157.88
16.628,239.38
16.632,164.12
16.636,141.51
16.64,92.637
16.644,63.424
16.648,140.26
16.652,75.806
16.656,127.86
16.66,163.5
16.664,50.938
16.668,182.16
16.672,221.6
16.676,79.2
16.68,183.56
16.684,98.63
16.688,78.353
16.692,226.65
16.696,143.9
16.7,177.76
16.704,173.25
16.708,85.669
16.712,162.91
16.716,193.47
16.72,76.089
16.724,106.29
16.728,147.61
16.732,93
16.736,-46.533
16.74,191.65
16.744,119.32
16.748,206.13
16.752,50.132
16.756,86.285
16.76,114.7
16.764,79.817
16.768,181.03
16.772,74.234
16.776,90.851
16.78,-43.495
16.784,138.57
16.788,78.318
16.792,-36.28
16.796,43.895
16.8,88.359
16.804,90.16
16.808,-8.0363
16.812,60.97
16.816,136.57
16.82,70.924
16.824,112.61
16.828,193.7
16.832,163.35
16.836,196.46
16.84,60.356
16.844,31.266
16.848,221.42
16.852,-0.60725
16.856,78.021
16.86,31.391
16.864,112.24
16.868,-62.701
16.872,37.615
16.876,0.76362
16.88,224.25
16.884,73.846
16.888,25.431
16.892,-51.843
16.896,91.95
16.9,-13.44
16.904,161.92
16.908,4.4874
16.912,187.89
16.916,163.5
16.92,207.2
16.924,161.18
16.928,-33.207
16.932,29.157
16.936,16.14
16.94,30.95
16.944,156.02
16.948,115.48
16.952,54.442
16.956,36.655
16.96,94.062
16.964,95.663
16.968,-13.561
16.972,61.542
16.976,-62.564
16.98,51.62
16.984,178.08
16.988,128.94
16.992,68.563
16.996,124.78
17,138.32
17.004,112.06
17.008,86.896
17.012,115.76
17.016,112.51
17.02,91.124
17.024,79.698
17.028,117.56
17.032,51.282
17.036,98.589
17.04,30.926
17.044,207.06
17.048,27.306
17.052,164.52
17.056,-20.677
17.06,189.62
17.064,122.65
17.068,67.516
17.072,102.85
17.076,172.01
17.08,190.47
17.084,76.028
17.088,142.44
17.092,126.59
17.096,122.2
17.1,77.035
17.104,43.183
17.108,1.7314
17.112,46.068
17.116,178.88
17.12,-13.143
17.124,105.39
17.128,-68.589
17.132,80.785
17.136,72.539
17.14,-11.758
17.144,-93.682
17.148,51.717
17.152,-78.949
17.156,61.399
17.16,63.602
17.164,108.46
17.168,102.36
17.172,205.15
17.176,74.029
17.18,245.77
17.184,33.057
17.188,76.805
17.192,59.667
17.196,188.78
17.2,120.44
17.204,254.07
17.208,114.19
17.212,109.52
17.216,79
17.22,150.98
17.224,123.37
17.228,108.19
17.232,78.669
17.236,173.75
17.24,75.758
17.244,118.79
17.248,39.299
17.252,101.28
17.256,127.49
17.26,88.769
17.264,81.384
17.268,168.9
17.272,-3.8621
17.276,-154.13
17.28,153.5
17.284,177.44
17.288,-8.2017
17.292,114.95
17.296,35.974
17.3,58.743
17.304,-70
17.308,182
17.312,83.703
17.316,161.5
17.32,244.06
17.324,101.18
17.328,40.425
17.332,78.003
17.336,107.61
17.34,121.84
17.344,207.74
17.348,43.438
17.352,69.789
17.356,26.661
17.36,116.7
17.364,237.82
17.368,242.5
17.372,63.812
17.376,139.02
17.38,137.88
17.384,-13.62
17.388,66.298
17.392,143.63
17.396,253.61
17.4,134.82
17.404,45.394
17.408,174.34
17.412,113.11
17.416,252.4
17.42,59.255
17.424,115.15
17.428,130.55
17.432,43.195
17.436,82.292
17.44,80.841
17.444,71.691
17.448,92.268
17.452,115.06
17.456,90.494
17.46,201.92
17.464,193.19
17.468,166.92
17.472,166.53
17.476,178.45
17.48,34.121
17.484,63.965
17.488,108.41
17.492,111.93
17.496,371.6
17.5,213.78
17.504,265.08
17.508,127.61
17.512,205.17
17.516,151.46
17.52,223.15
17.524,167.89
17.528,213.72
17.532,118.64
17.536,169.7
17.54,139.93
17.544,162.88
17.548,148.82
17.552,229
17.556,131.69
17.56,148.3
17.564,70.914
17.568,249.9
17.572,126.8
17.576,191.16
17.58,130.16
17.584,170.45
17.588,212.06
17.592,104.63
17.596,175.42
17.6,292.83
17.604,5
17.608,159.66
17.612,130.91
17.616,267.7
17.62,261.09
17.624,341.55
17.628,202.05
17.632,183.23
17.636,286.32
17.64,283.5
17.644,204.77
17.648,199.97
17.652,134.5
17.656,273.31
17.66,270.73
17.664,181.85
17.668,326.84
17.672,201.32
17.676,186.57
17.68,143.25
17.684,200.36
17.688,361.96
17.692,-10.068
17.696,135.96
17.7,298.03
17.704,141.3
17.708,233.65
17.712,157.34
17.716,-62
17.72,235.73
17.724,315.06
17.728,241.59
17.732,270.7
17.736,638
17.74,158.77
17.744,342.31
17.748,139.99
17.752,210.4
17.756,220.22
17.76,203.72
17.764,199.37
17.768,328.33
17.772,159.19
17.776,99.688
17.78,260.12
17.784,194.75
17.788,304.41
17.792,353.76
17.796,312.32
17.8,318.64
17.804,248.51
17.808,239.26
17.812,265.9
17.816,311.97
17.82,179.87
17.824,385.13
17.828,567
17.832,330.73
17.836,280.32
17.84,128.78
17.844,339.86
17.848,266.95
17.852,257.9
17.856,279.81
17.86,220.4
17.864,367.87
17.868,249.45
17.872,308.81
17.876,139.01
17.88,299.95
17.884,327.69
17.888,177.28
17.892,289.25
17.896,350.19
17.9,336.82
17.904,383.68
17.908,152.69
17.912,232.04
17.916,266.8
17.92,209.92
17.924,140
17.928,327.77
17.932,266.28
17.936,312.43
17.94,250.7
17.944,282.8
17.948,410.59
17.952,312.77
17.956,367.8
17.96,401.07
17.964,51.702
17.968,264.87
17.972,267.13
17.976,345.99
17.98,281.84
17.984,283.66
17.988,150.86
17.992,202.28
17.996,328.4
18,196.72
18.004,322.81
18.008,260.06
18.012,359.81
18.016,382.23
18.02,286.61
18.024,281.95
18.028,248.56
18.032,236.19
18.036,281.6
18.04,338.02
18.044,223.85
18.048,430.33
18.052,134.05
18.056,359.22
18.06,392.48
18.064,221.76
18.068,304.3
18.072,196.43
18.076,299.14
18.08,384.81
18.084,312.27
18.088,196.7
18.092,485.8
18.096,381.13
18.1,443.55
18.104,399.05
18.108,487.44
18.112,363.21
18.116,262.81
18.12,325.86
18.124,311.72
18.128,278.49
18.132,211.83
18.136,253.65
18.14,370.75
18.144,380.42
18.148,380.71
18.152,362.64
18.156,0.58158
18.16,313.31
18.164,451.44
18.168,302.64
18.172,363.24
18.176,285.96
18.18,342.55
18.184,373.78
18.188,241.29
18.192,330.41
18.196,275.37
18.2,194.46
18.204,221.51
18.208,433.14
18.212,340.2
18.216,297.41
18.22,345.87
18.224,375.74
18.228,386.61
18.232,280.34
18.236,380.6
18.24,256.19
18.244,330.86
18.248,444.27
18.252,343.1
18.256,347.9
18.26,316.9
18.264,318.57
18.268,261.11
18.272,335.47
18.276,111
18.28,268.76
18.284,205.61
18.288,208.69
18.292,266.39
18.296,158.5
18.3,340.67
18.304,270.71
18.308,261.34
18.312,239.66
18.316,357.59
18.32,321.43
18.324,231.55
18.328,436.82
18.332,251.49
18.336,299.81
18.34,246.35
18.344,278.25
18.348,407.58
18.352,458.61
18.356,313.37
18.36,81.736
18.364,189.98
18.368,388.68
18.372,180.54
18.376,387.26
18.38,366.48
18.384,219.58
18.388,401.65
18.392,217.32
18.396,247.24
18.4,306.61
18.404,258.99
18.408,230.58
18.412,303.94
18.416,254.54
18.42,295.27
18.424,487.35
18.428,232.32
18.432,246.94
18.436,305.34
18.44,209.87
18.444,283.78
18.448,289.35
18.452,297.29
18.456,421.12
18.46,319.93
18.464,265.32
18.468,258.6
18.472,322.73
18.476,241.03
18.48,328.78
18.484,297.31
18.488,252.57
18.492,317.65
18.496,407.87
18.5,380.02
18.504,235.5
18.508,239.16
18.512,342.12
18.516,277.42
18.52,251.6
18.524,171.28
18.528,168.39
18.532,154.78
18.536,221.87
18.54,313.65
18.544,427.1
18.548,347.91
18.552,121.02
18.556,440.73
18.56,245.77
18.564,223.68
18.568,356.86
18.572,232.03
18.576,206.55
18.58,248.41
18.584,346.24
18.588,223
18.592,413.01
18.596,306.58
18.6,239.41
18.604,239.63
18.608,318.38
18.612,350.1
18.616,200.16
18.62,320.94
18.624,253.3
18.628,163.27
18.632,270.45
18.636,351.45
18.64,260
18.644,102.32
18.648,257.2
18.652,327.15
18.656,150.68
18.66,258.04
18.664,120.37
18.668,327.02
18.672,237.32
18.676,307.84
18.68,199.63
18.684,201.77
18.688,285.66
18.692,281.8
18.696,258.81
18.7,205.6
18.704,267.58
18.708,125.95
18.712,336.43
18.716,252.12
18.72,352.4
18.724,155.32
18.728,243.78
18.732,222.51
18.736,255.72
18.74,307.9
18.744,182.2
18.748,256.4
18.752,140.28
18.756,167.69
18.76,142.25
18.764,164.96
18.768,284.65
18.772,190.74
18.776,203.81
18.78,197.38
18.784,151.25
18.788,297.22
18.792,272.47
18.796,193.13
18.8,226.15
18.804,239.57
18.808,231.31
18.812,191.74
18.816,272.42
18.82,152.73
18.824,280.86
18.828,192.5
18.832,166.19
18.836,223.22
18.84,153.91
18.844,167.69
18.848,205.17
18.852,78.177
18.856,135.66
18.86,176
18.864,259.1
18.868,233.88
18.872,214.45
18.876,340
18.88,129.03
18.884,129.94
18.888,145.48
18.892,120.04
18.896,170.03
18.9,304.29
18.904,204.21
18.908,209.75
18.912,187.79
18.916,193.54
18.92,33.031
18.924,109.49
18.928,201.86
18.932,146.81
18.936,124.93
18.94,208.58
18.944,146.22
18.948,46.522
18.952,182.49
18.956,61.715
18.96,202.03
18.964,172.17
18.968,163.61
18.972,166.77
18.976,161.95
18.98,207.69
18.984,57.784
18.988,16.381
18.992,119.51
18.996,-6.6026
19,50.663
19.004,155.87
19.008,117.24
19.012,185.8
19.016,-16.213
19.02,188.5
19.024,-10.565
19.028,84.871
19.032,155.1
19.036,210.33
19.04,204.21
19.044,130.09
19.048,-182
19.052,84.184
19.056,196.75
19.06,172.43
19.064,142.84
19.068,268.88
19.072,116.19
19.076,61.202
19.08,220.03
19.084,75.903
19.088,202.18
19.092,126.84
19.096,47.965
19.1,127.1
19.104,-10.765
19.108,49.489
19.112,57.921
19.116,54.799
19.12,79.917
19.124,95.574
19.128,292.75
19.132,64.978
19.136,236.81
19.14,97.733
19.144,260
19.148,218.52
19.152,14.005
19.156,140.58
19.16,83.253
19.164,155.91
19.168,-73.548
19.172,110.53
19.176,96.978
19.18,37.452
19.184,94.465
19.188,10.618
19.192,-14.474
19.196,29.35
19.2,36.679
19.204,488
19.208,171.46
19.212,-101.76
19.216,3.4077
19.22,36.67
19.224,56.166
19.228,111.34
19.232,127.56
19.236,156.17
19.24,0.03823
19.244,10.992
19.248,-44.355
19.252,43.685
19.256,19.423
19.26,63.136
19.264,-46.146
19.268,70.992
19.272,154.92
19.276,134.21
19.28,4.8838
19.284,-25.173
19.288,66.056
19.292,152.97
19.296,280.79
19.3,80.76
19.304,-76.162
19.308,126.29
19.312,-50.854
19.316,138.71
19.32,44.182
19.324,221.71
19.328,-39.343
19.332,2.7918
19.336,19.399
19.34,156.01
19.344,168.6
19.348,119.43
19.352,87.408
19.356,-31.399
19.36,145.79
19.364,147.47
19.368,85.088
19.372,8.0399
19.376,37.462
19.38,89.598
19.384,-15.474
19.388,59.077
19.392,25.632
19.396,-44.121
19.4,56.397
19.404,13.794
19.408,6.8247
19.412,45.61
19.416,82.603
19.42,-20.026
19.424,266.44
19.428,353
19.432,52.872
19.436,29.408
19.44,-73.199
19.444,70.277
19.448,138.76
19.452,156.76
19.456,38.266
19.46,81.931
19.464,194.15
19.468,174.36
19.472,138.79
19.476,76.945
19.48,107.15
19.484,44.148
19.488,94.894
19.492,118.54
19.496,-76.331
19.5,68.619
19.504,24.151
19.508,221.67
19.512,81.205
19.516,44.579
19.52,52.11
19.524,92.141
19.528,157.42
19.532,163.12
19.536,101.33
19.54,-60.899
19.544,24.427
19.548,101.91
19.552,56.713
19.556,110.21
19.56,50.932
19.564,15.277
19.568,84.771
19.572,42.392
19.576,35.174
19.58,-18.746
19.584,17.379
19.588,123.75
19.592,244.62
19.596,131.01
19.6,101.97
19.604,39.872
19.608,10.314
19.612,124.92
19.616,93.686
19.62,173.49
19.624,103.55
19.628,57.388
19.632,20.504
19.636,54.857
19.64,-15.871
19.644,92.729
19.648,154.86
19.652,166.83
19.656,-78.672
19.66,90.274
19.664,30.983
19.668,-44.858
19.672,146.92
19.676,183.7
19.68,-34.246
19.684,198.26
19.688,174.31
19.692,-118
19.696,46.295
19.7,27.435
19.704,225.15
19.708,75.529
19.712,51.018
19.716,152.05
19.72,53.036
19.724,19.213
19.728,87.696
19.732,256.08
19.736,30.95
19.74,222
19.744,146.83
19.748,111.59
19.752,94.515
19.756,154.74
19.76,140.44
19.764,264.21
19.768,165.93
19.772,115.23
19.776,172.07
19.78,165.31
19.784,75.292
19.788,86.004
19.792,93.583
19.796,39.124
19.8,154.6
19.804,135.59
19.808,182.3
19.812,72.914
19.816,195.79
19.82,327.79
19.824,69.885
19.828,35.559
19.832,155.47
19.836,17.6
19.84,322.42
19.844,194.37
19.848,213.56
19.852,180.36
19.856,73.671
19.86,135.36
19.864,244.16
19.868,220.79
19.872,146.25
19.876,164.13
19.88,153.22
19.884,80.412
19.888,169.57
19.892,168.17
19.896,146.69
19.9,217.05
19.904,196.02
19.908,207.51
19.912,177.8
19.916,167.17
19.92,211.47
19.924,213.84
19.928,157.17
19.932,234.49
19.936,-5.1088
19.94,226.78
19.944,147.19
19.948,226.46
19.952,163.65
19.956,281.9
19.96,8.3789
19.964,210.42
19.968,213.54
19.972,210.59
19.976,236.85
19.98,239.92
19.984,168.54
19.988,128.88
19.992,179.45
19.996,208.54
20,233.88
20.004,324.07
20.008,256.15
20.012,169.14
20.016,180.96
20.02,174.29
20.024,174.74
20.028,114.49
20.032,114.24
20.036,130.54
20.04,262.08
20.044,183.51
20.048,183.44
20.052,248.57
20.056,252.67
20.06,308.5
20.064,178.89
20.068,454.76
20.072,207.26
20.076,300
20.08,39
20.084,232.38
20.088,296.1
20.092,155.67
20.096,274.51
20.1,244.75
20.104,244.76
20.108,192.39
20.112,229.71
20.116,270.17
20.12,291.36
20.124,134.02
20.128,216.12
20.132,287.91
20.136,167.6
20.14,177.94
20.144,183.34
20.148,166.99
20.152,327.58
20.156,138.7
20.16,410.05
20.164,85.765
20.168,364.44
20.172,195.42
20.176,241.54
20.18,307.68
20.184,182.5
20.188,173.22
20.192,357.81
20.196,370.37
20.2,209.68
20.204,263.96
20.208,254.14
20.212,253.17
20.216,407.28
20.22,383.96
20.224,232.85
20.228,223.73
20.232,124.99
20.236,230.72
20.24,207.08
20.244,319.12
20.248,299.75
20.252,220.34
20.256,309.39
20.26,113.61
20.264,316.95
20.268,266.32
20.272,225.37
20.276,159.79
20.28,251.88
20.284,108.21
20.288,54.721
20.292,181.73
20.296,308.95
20.3,337.28
20.304,492.85
20.308,254.21
20.312,202.3
20.316,388.42
20.32,300.57
20.324,245.62
20.328,356.93
20.332,393.06
20.336,682
20.34,368.06
20.344,415.48
20.348,463.26
20.352,388.93
20.356,266.4
20.36,227.1
20.364,449.9
20.368,183.43
20.372,243.07
20.376,325.68
20.38,311.87
20.384,237.43
20.388,313.08
20.392,341.13
20.396,254.58
20.4,360.81
20.404,259.53
20.408,313.58
20.412,261.94
20.416,364.46
20.42,259.24
20.424,411.34
20.428,395.26
20.432,242.53
20.436,260.06
20.44,328.53
20.444,341.69
20.448,346.67
20.452,170.54
20.456,227.83
20.46,282.94
20.464,291.23
20.468,324.62
20.472,398.5
20.476,189.88
20.48,323.96
20.484,386.11
20.488,293.07
20.492,297.41
20.496,335.64
20.5,304.27
20.504,282.97
20.508,479.91
20.512,319.15
20.516,330.92
20.52,349.85
20.524,383.92
20.528,354.4
20.532,387.2
20.536,213.23
20.54,149.3
20.544,362.75
20.548,318.42
20.552,286
20.556,420.51
20.56,315.28
20.564,333.11
20.568,271.16
20.572,360.26
20.576,258.58
20.58,280.08
20.584,388.36
20.588,392.31
20.592,176.83
20.596,365.21
20.6,405.4
20.604,447.34
20.608,255.91
20.612,358.61
20.616,303.24
20.62,369.86
20.624,283.25
20.628,321.82
20.632,319.73
20.636,283.47
20.64,125.46
20.644,375.91
20.648,353.94
20.652,349.14
20.656,386.72
20.66,303.28
20.664,237.58
20.668,164.88
20.672,308.27
20.676,220.18
20.68,290.48
20.684,447.62
20.688,258.63
20.692,274.72
20.696,351.36
20.7,393.43
20.704,304.08
20.708,267.48
20.712,226.78
20.716,302.91
20.72,321.72
20.724,273.74
20.728,221.07
20.732,305.27
20.736,265.1
20.74,242.23
20.744,301.15
20.748,196.41
20.752,281.08
20.756,235.43
20.76,444.34
20.764,332.58
20.768,365.37
20.772,152.62
20.776,290.48
20.78,213.26
20.784,266.78
20.788,263.06
20.792,370.96
20.796,224.39
20.8,357.67
20.804,400.74
20.808,246.78
20.812,373.97
20.816,308.64
20.82,249.32
20.824,174.14
20.828,284.57
20.832,295.34
20.836,296.18
20.84,338.98
20.844,233.78
20.848,355.2
20.852,280.89
20.856,353.81
20.86,345.74
20.864,345.52
20.868,240.69
20.872,170.95
20.876,257.75
20.88,300.83
20.884,358.72
20.888,388.38
20.892,270.32
20.896,260.99
20.9,288.17
20.904,342.26
20.908,247.37
20.912,271.55
20.916,324.47
20.92,384.31
20.924,254.41
20.928,272.38
20.932,245.41
20.936,344.82
20.94,202.61
20.944,270.29
20.948,330.97
20.952,213.33
20.956,144.73
20.96,219.56
20.964,209.92
20.968,322.96
20.972,233.99
20.976,142.05
20.98,350.89
20.984,230.73
20.988,213.89
20.992,247.5
20.996,236.89
21,279.5
21.004,295.08
21.008,237.88
21.012,231.89
21.016,209.91
21.02,411.11
21.024,251.58
21.028,147.77
21.032,149.25
21.036,204.08
21.04,294.05
21.044,203.32
21.048,169.52
21.052,209.93
21.056,214.7
21.06,164.37
21.064,211.18
21.068,252.04
21.072,421.46
21.076,183.82
21.08,184.83
21.084,164.28
21.088,132.96
21.092,55
21.096,92.043
21.1,113.22
21.104,376.6
21.108,375.1
21.112,216.95
21.116,252.9
21.12,169.6
21.124,236.79
21.128,82.078
21.132,196.74
21.136,236.46
21.14,212.08
21.144,358.78
21.148,191.56
21.152,203.87
21.156,103.39
21.16,211.88
21.164,210.83
21.168,114.06
21.172,41.832
21.176,103.69
21.18,152.04
21.184,85.43
21.188,250.86
21.192,202.27
21.196,290.42
21.2,195.63
21.204,125.6
21.208,117.07
21.212,147.79
21.216,192.19
21.22,93.962
21.224,85.599
21.228,385
21.232,170.08
21.236,123.41
21.24,27.797
21.244,82.288
21.248,-3.3393
21.252,172.7
21.256,127.62
21.26,122.35
21.264,61.627
21.268,145.05
21.272,136.2
21.276,216.79
21.28,236.75
21.284,99.992
21.288,128.37
21.292,161.54
21.296,168.22
21.3,163.31
21.304,-61.944
21.308,184.13
21.312,213.6
21.316,241.78
21.32,-17.999
21.324,-41.634
21.328,136.16
21.332,146.7
21.336,88.077
21.34,140.4
21.344,69.322
21.348,102.32
21.352,115.99
21.356,117.77
21.36,155.03
21.364,46.164
21.368,262.21
21.372,34.417
21.376,67.342
21.38,152.66
21.384,111.5
21.388,171.54
21.392,73.451
21.396,114.11
21.4,128.89
21.404,60.425
21.408,175.62
21.412,200.32
21.416,146.11
21.42,157.09
21.424,138.13
21.428,61.703
21.432,30.202
21.436,159.97
21.44,50.909
21.444,113.5
21.448,122.21
21.452,116.63
21.456,190.48
21.46,199
21.464,59.465
21.468,192.49
21.472,44.822
21.476,178.02
21.48,134.37
21.484,34.352
21.488,-13.862
21.492,100.04
21.496,131.63
21.5,150.98
21.504,164.48
21.508,26.673
21.512,-31.596
21.516,37.176
21.52,309.74
21.524,106.33
21.528,157.94
21.532,67.132
21.536,79.714
21.54,140.29
21.544,145.99
21.548,217.33
21.552,73.805
21.556,136.19
21.56,99.453
21.564,10.252
21.568,85.518
21.572,148.22
21.576,-6.5323
21.58,-0.011976
21.584,88.327
21.588,146.09
21.592,144.89
21.596,-21.372
21.6,139.68
21.604,-47.267
21.608,60.106
21.612,175.96
21.616,139.23
21.62,48.576
21.624,137.29
21.628,52.616
21.632,-28.092
21.636,59.235
21.64,78.747
21.644,30.127
21.648,72.154
21.652,467
21.656,167.51
21.66,152.35
21.664,71.06
21.668,29.646
21.672,68.483
21.676,120.6
21.68,119.22
21.684,159.94
21.688,148.85
21.692,234.45
21.696,60.003
21.7,-157
21.704,236.48
21.708,81.503
21.712,-64.665
21.716,11.098
21.72,45.984
21.724,64.219
21.728,97.313
21.732,95.063
21.736,120.57
21.74,57.211
21.744,174.4
21.748,12.559
21.752,168.89
21.756,-50.874
21.76,161.34
21.764,56.751
21.768,177.71
21.772,146.34
21.776,121.87
21.78,164.39
21.784,113.41
21.788,44.15
21.792,103.05
21.796,127.79
21.8,-314
21.804,216.12
21.808,93.044
21.812,35.66
21.816,18.986
21.82,98.315
21.824,87.119
21.828,135.03
21.832,-0.57207
21.836,93.707
21.84,34.708
21.844,16.303
21.848,49.989
21.852,188.44
21.856,207.85
21.86,80.778
21.864,238.37
21.868,-13.618
21.872,120.36
21.876,232.9
21.88,56.667
21.884,-14.292
21.888,212.95
21.892,209.45
21.896,164.87
21.9,64.873
21.904,186.58
21.908,151.7
21.912,35.342
21.916,110.24
21.92,75.743
21.924,222.35
21.928,90.744
21.932,100.54
21.936,169.79
21.94,7.5772
21.944,-84.717
21.948,150.61
21.952,45.051
21.956,106.77
21.96,125.93
21.964,173.79
21.968,59.804
21.972,-6.7136
21.976,90.263
21.98,80.155
21.984,57.656
21.988,-2.2373
21.992,200.06
21.996,111.33
22,149.55
22.004,219.6
22.008,62.79
22.012,152.5
22.016,212.82
22.02,141.23
22.024,215.18
22.028,127.37
22.032,225.45
22.036,127.39
22.04,82.695
22.044,197.75
22.048,-6.7539
22.052,-12.149
22.056,215.24
22.06,165.43
22.064,179.1
22.068,120.74
22.072,226.32
22.076,127.87
22.08,174.49
22.084,78.858
22.088,255.3
22.092,227.17
22.096,151.93
22.1,-43.009
22.104,12.202
22.108,103.34
22.112,188.12
22.116,209.38
22.12,121.5
22.124,94.363
22.128,135.63
22.132,240.7
22.136,47.036
22.14,260.83
22.144,56.853
22.148,290.08
22.152,239.46
22.156,37.404
22.16,178.86
22.164,-49.942
22.168,236.77
22.172,196.64
22.176,130.23
22.18,576
22.184,133.8
22.188,107.05
22.192,145.47
22.196,213.1
22.2,112.35
22.204,125.39
22.208,223.73
22.212,110.17
22.216,248.45
22.22,251.07
22.224,295.41
22.228,219.5
22.232,78.856
22.236,231.47
22.24,325.73
22.244,338.36
22.248,282.66
22.252,95.614
22.256,116.72
22.26,83.099
22.264,272.7
22.268,212.62
22.272,152.61
22.276,229.29
22.28,148.69
22.284,318.15
22.288,156.16
22.292,230.9
22.296,226.44
22.3,172.26
22.304,195.86
22.308,212.24
22.312,301.23
22.316,249.42
22.32,108.43
22.324,180.19
22.328,294
22.332,224.62
22.336,360.19
22.34,245.23
22.344,126.34
22.348,127.49
22.352,273.31
22.356,211.19
22.36,184.65
22.364,198.11
22.368,252.68
22.372,198.18
22.376,289.04
22.38,241.4
22.384,282.49
22.388,241.61
22.392,113.47
22.396,236.9
22.4,112.92
22.404,211
22.408,311.22
22.412,350.66
22.416,263.6
22.42,252.72
22.424,249.25
22.428,236.04
22.432,178.22
22.436,301.44
22.44,187.14
22.444,183.11
22.448,131.68
22.452,110.35
22.456,310.26
22.46,270
22.464,268.52
22.468,156.97
22.472,180.25
22.476,310.67
22.48,247.95
22.484,235.42
22.488,368.44
22.492,192.79
22.496,306.45
22.5,245.31
22.504,324.84
22.508,278.08
22.512,207.49
22.516,256
22.52,306.97
22.524,460.48
22.528,134.47
22.532,159.68
22.536,341.61
22.54,222.59
22.544,97.163
22.548,295.68
22.552,472.03
22.556,289.6
22.56,171.26
22.564,289.08
22.568,244.28
22.572,212.85
22.576,402.75
22.58,187.5
22.584,340.83
22.588,244.67
22.592,329.4
22.596,180.87
22.6,305.15
22.604,306.14
22.608,228.9
22.612,180.58
22.616,314.61
22.62,225.09
22.624,359.75
22.628,462.65
22.632,292.56
22.636,153.28
22.64,215.41
22.644,59.481
22.648,362.23
22.652,352.07
22.656,267.48
22.66,323.62
22.664,272.42
22.668,262.42
22.672,289
22.676,316.6
22.68,284.66
22.684,280.04
22.688,264.51
22.692,256.47
22.696,230.91
22.7,294.7
22.704,349.76
22.708,530.44
22.712,271.39
22.716,379.4
22.72,339.29
22.724,370.42
22.728,374.83
22.732,289.94
22.736,233.94
22.74,388.76
22.744,376.38
22.748,109.06
22.752,295
22.756,398.22
22.76,357.29
22.764,380.28
22.768,299.82
22.772,283.98
22.776,526
22.78,218.35
22.784,319.48
22.788,322.31
22.792,391.01
22.796,258.13
22.8,356.59
22.804,299.45
22.808,264.63
22.812,166.53
22.816,403.11
22.82,220.04
22.824,262.57
22.828,377.93
22.832,255
22.836,282.78
22.84,249.82
22.844,369.37
22.848,369.47
22.852,245.17
22.856,249.42
22.86,349.17
22.864,184.15
22.868,365.43
22.872,360.38
22.876,345
22.88,263.21
22.884,264.99
22.888,57
22.892,421.57
22.896,327.68
22.9,405.25
22.904,268.36
22.908,325.86
22.912,412.35
22.916,273.59
22.92,340.35
22.924,325.36
22.928,302.77
22.932,332.91
22.936,243.43
22.94,338.56
22.944,387.76
22.948,315.68
22.952,392.6
22.956,324.96
22.96,216.41
22.964,332.5
22.968,256.25
22.972,381.11
22.976,289.78
22.98,268.2
22.984,182
22.988,386.96
22.992,301.91
22.996,250.05
23,246.71
23.004,164.3
23.008,188.71
23.012,320.96
23.016,188.9
23.02,133.05
23.024,308.93
23.028,358.21
23.032,417.59
23.036,242.86
23.04,259.03
23.044,268.96
23.048,375.48
23.052,230.24
23.056,222.28
23.06,370.71
23.064,467.32
23.068,162.57
23.072,315.08
23.076,148.22
23.08,190.94
23.084,304.9
23.088,262.45
23.092,316.52
23.096,251.52
23.1,267.91
23.104,364.58
23.108,323.26
23.112,377.51
23.116,278.19
23.12,270.35
23.124,195.6
23.128,274.61
23.132,222.84
23.136,143.5
23.14,405.37
23.144,278.53
23.148,107.25
23.152,430.79
23.156,250.51
23.16,295.11
23.164,276.31
23.168,293.69
23.172,426.36
23.176,282.65
23.18,195.89
23.184,191.44
23.188,187.41
23.192,325.68
23.196,299.07
23.2,338.06
23.204,275.27
23.208,175.65
23.212,328.06
23.216,109
23.22,348.83
23.224,207.25
23.228,454
23.232,445.28
23.236,284.18
23.24,248.42
23.244,235.53
23.248,280.65
23.252,208.01
23.256,239.31
23.26,214.75
23.264,215.59
23.268,382.91
23.272,310.23
23.276,216.9
23.28,238.15
23.284,193.6
23.288,237.21
23.292,210.78
23.296,292.91
23.3,210.71
23.304,306.59
23.308,212.16
23.312,231.4
23.316,227.11
23.32,265.85
23.324,218.94
23.328,174.88
23.332,246.25
23.336,270.33
23.34,159.84
23.344,205.96
23.348,228.92
23.352,255.45
23.356,167.67
23.36,183
23.364,63.357
23.368,207.47
23.372,321.34
23.376,111.3
23.38,86.042
23.384,119.6
23.388,115.31
23.392,213.13
23.396,235.23
23.4,255.09
23.404,212.77
23.408,282.53
23.412,295
23.416,116.87
23.42,188.68
23.424,94.507
23.428,196.1
23.432,194.23
23.436,205.07
23.44,206.86
23.444,251.43
23.448,154.19
23.452,268.55
23.456,189.09
23.46,76.461
23.464,87.436
23.468,109.63
23.472,204.8
23.476,269.32
23.48,161.51
23.484,270.98
23.488,265.21
23.492,145.56
23.496,250.93
23.5,252.28
23.504,273.18
23.508,252.49
23.512,309.93
23.516,140.83
23.52,75.052
23.524,50.553
23.528,65.57
23.532,285.91
23.536,121.36
23.54,298.93
23.544,1.3017
23.548,188.53
23.552,201.35
23.556,101.79
23.56,150.39
23.564,164.73
23.568,344.66
23.572,78.989
23.576,278.08
23.58,60.251
23.584,41.391
23.588,219.2
23.592,190.88
23.596,218.97
23.6,61.139
23.604,102.37
23.608,119.6
23.612,73.998
23.616,100.49
23.62,111.07
23.624,98.609
23.628,59.595
23.632,259.16
23.636,207.15
23.64,38.045
23.644,188.86
23.648,95.903
23.652,115.59
23.656,266.64
23.66,285.89
23.664,141.16
23.668,87.197
23.672,27.212
23.676,201.27
23.68,-24.547
23.684,22.671
23.688,-12.686
23.692,104.2
23.696,263.74
23.7,10.486
23.704,166.14
23.708,24
23.712,226.7
23.716,220.04
23.72,23.741
23.724,156.85
23.728,180.97
23.732,174.77
23.736,78.166
23.74,63.518
23.744,136.72
23.748,86.135
23.752,60.659
23.756,218.38
23.76,128.26
23.764,109.61
23.768,31.534
23.772,109.55
23.776,106.45
23.78,114.43
23.784,96.836
23.788,-44.495
23.792,-22.974
23.796,86.799
23.8,149.06
23.804,218.11
23.808,196.63
23.812,80.688
23.816,8.086
23.82,144.79
23.824,112.44
23.828,-42.858
23.832,2.7897
23.836,64.127
23.84,123.03
23.844,150.17
23.848,187.33
23.852,67.984
23.856,63.937
23.86,-6.5862
23.864,144.88
23.868,134.8
23.872,201.2
23.876,72.641
23.88,-72.992
23.884,-126.84
23.888,20.375
23.892,114.61
23.896,183.75
23.9,-9.2842
23.904,57.808
23.908,12.957
23.912,47.766
23.916,137.22
23.92,24.468
23.924,105.62
23.928,102.54
23.932,72.218
23.936,106.79
23.94,160.17
23.944,85.285
23.948,96.21
23.952,70.174
23.956,-11.652
23.96,147.6
23.964,83.402
23.968,116.46
23.972,100.44
23.976,96.455
23.98,135.65
23.984,118.92
23.988,89.533
23.992,123.09
23.996,24.664
24,135.24
24.004,129.02
24.008,81.653
24.012,2.6353
24.016,13.093
24.02,170.62
24.024,-8.1632
24.028,54.454
24.032,85.409
24.036,78.186
24.04,45.074
24.044,208.47
24.048,166.35
24.052,211.71
24.056,53.717
24.06,59.931
24.064,163.01
24.068,131.73
24.072,14.997
24.076,105.04
24.08,190.33
24.084,136.52
24.088,244.64
24.092,89.733
24.096,212.62
24.1,120.23
24.104,51.969
24.108,24.799
24.112,89.854
24.116,75.878
24.12,105.53
24.124,110.89
24.128,69.513
24.132,139.18
24.136,131.42
24.14,-2.2381
24.144,139.97
24.148,239.97
24.152,59.613
24.156,83.047
24.16,49.856
24.164,-33.437
24.168,111.97
24.172,26.844
24.176,102.27
24.18,216.58
24.184,36.086
24.188,129.45
24.192,126.47
24.196,93.134
24.2,110.52
24.204,63.434
24.208,235.71
24.212,67.356
24.216,63.613
24.22,172.48
24.224,-241
24.228,132.82
24.232,119.29
24.236,87.754
24.24,-97.231
24.244,160.24
24.248,89.75
24.252,113.08
24.256,41.667
24.26,66.499
24.264,113.46
24.268,94.73
24.272,114.23
24.276,76.917
24.28,65.658
24.284,54.773
24.288,87.983
24.292,148.16
24.296,59.956
24.3,99.142
24.304,183.52
24.308,141.96
24.312,230.65
24.316,141.8
24.32,100.09
24.324,4.9331
24.328,355.01
24.332,26.387
24.336,103.52
24.34,86.516
24.344,245.16
24.348,182.65
24.352,72.888
24.356,62.65
24.36,46.701
24.364,104.41
24.368,196.25
24.372,200.15
24.376,139.67
24.38,309.36
24.384,121.1
24.388,84.219
24.392,234
24.396,147.15
24.4,-50.164
24.404,236.82
24.408,124.16
24.412,160.67
24.416,151.94
24.42,257.47
24.424,79.063
24.428,260.43
24.432,102.45
24.436,129.59
24.44,25.536
24.444,100.22
24.448,228.42
24.452,173.23
24.456,225.95
24.46,107.61
24.464,55.052
24.468,150.1
24.472,134.3
24.476,102.03
24.48,305.15
24.484,74.536
24.488,155.35
24.492,186.97
24.496,319.89
24.5,165.97
24.504,303.46
24.508,94.72
24.512,44.346
24.516,156.66
24.52,162.54
24.524,225.21
24.528,233.09
24.532,245.81
24.536,76.124
24.54,333.97
24.544,275.54
24.548,111.66
24.552,280.48
24.556,230.03
24.56,128.74
24.564,172.8
24.568,282.25
24.572,299.76
24.576,141.58
24.58,162.41
24.584,248.78
24.588,130.36
24.592,192.66
24.596,260.18
24.6,152.72
24.604,235.35
24.608,62.267
24.612,335.3
24.616,554
24.62,27.655
24.624,64.292
24.628,235.07
24.632,239.37
24.636,333.59
24.64,178.47
24.644,90.716
24.648,124.76
24.652,273.1
24.656,156.62
24.66,249.5
24.664,110.62
24.668,305.86
24.672,194.81
24.676,178.76
24.68,196.51
24.684,288.88
24.688,311.84
24.692,302.39
24.696,286.69
24.7,307.43
24.704,286.74
24.708,301.87
24.712,72.642
24.716,309.6
24.72,166.59
24.724,228.84
24.728,333.8
24.732,198.52
24.736,286.9
24.74,220.33
24.744,254.95
24.748,243.27
24.752,267.09
24.756,249.9
24.76,272.86
24.764,277.99
24.768,281.31
24.772,228.57
24.776,240.5
24.78,300.61
24.784,346.08
24.788,404.74
24.792,310.89
24.796,271.49
24.8,281.62
24.804,275.89
24.808,294.74
24.812,223.84
24.816,298.62
24.82,396.9
24.824,232.87
24.828,271.23
24.832,267.74
24.836,333.36
24.84,239.24
24.844,271.34
24.848,315.47
24.852,279.07
24.856,314.81
24.86,198.03
24.864,147.32
24.868,463.6
24.872,411.92
24.876,360.63
24.88,238.78
24.884,267.99
24.888,277.88
24.892,338.66
24.896,287.88
24.9,263.72
24.904,222.63
24.908,310.52
24.912,368.08
24.916,284.66
24.92,-107
24.924,433.11
24.928,304.94
24.932,406.57
24.936,238.91
24.94,333.35
24.944,274.03
24.948,347.57
24.952,139.38
24.956,212.3
24.96,311.35
24.964,163.79
24.968,393.38
24.972,324.3
24.976,232.27
24.98,340.88
24.984,285.03
24.988,257.77
24.992,229.92
24.996,513.56
25,345.3
25.004,200.44
25.008,252.28
25.012,277.05
25.016,431.71
25.02,368.19
25.024,131.89
25.028,244.84
25.032,259.26
25.036,418.72
25.04,190.84
25.044,307.03
25.048,355.26
25.052,285.66
25.056,218.68
25.06,219.85
25.064,364.69
25.068,371.13
25.072,334.93
25.076,231.14
25.08,289.57
25.084,326.44
25.088,235.82
25.092,311.28
25.096,189.38
25.1,249.07
25.104,300.61
25.108,387.51
25.112,176.78
25.116,350.72
25.12,211.42
25.124,381.24
25.128,411.07
25.132,221.75
25.136,355.62
25.14,295.84
25.144,242.94
25.148,288.05
25.152,268.32
25.156,337.41
25.16,231.44
25.164,314.3
25.168,208.15
25.172,333
25.176,369.89
25.18,296.78
25.184,266.39
25.188,431.51
25.192,171.87
25.196,212.01
25.2,299.57
25.204,115.91
25.208,166.28
25.212,232.34
25.216,288.78
25.22,264.8
25.224,218.63
25.228,281.68
25.232,276.51
25.236,343.81
25.24,277.37
25.244,362.76
25.248,279.83
25.252,343.78
25.256,414.61
25.26,313.14
25.264,372.26
25.268,462.87
25.272,432.22
25.276,285.13
25.28,317.16
25.284,213.15
25.288,281.04
25.292,198.56
25.296,289.15
25.3,300.8
25.304,286.16
25.308,230.86
25.312,162.55
25.316,271.54
25.32,379.26
25.324,331.86
25.328,174.34
25.332,472.21
25.336,366.54
25.34,259.98
25.344,254.87
25.348,305.58
25.352,221.39
25.356,228.64
25.36,294.88
25.364,247.87
25.368,181.39
25.372,237.02
25.376,145.77
25.38,255.27
25.384,299.31
25.388,161.11
25.392,349.65
25.396,348.03
25.4,306.9
25.404,301.21
25.408,320.94
25.412,374.94
25.416,282.77
25.42,260.18
25.424,383.13
25.428,302.06
25.432,206.49
25.436,316.5
25.44,159.55
25.444,255.78
25.448,321.46
25.452,292.1
25.456,282.12
25.46,290.67
25.464,332.4
25.468,418.73
25.472,413.8
25.476,134.64
25.48,325.18
25.484,226.8
25.488,345.47
25.492,161.99
25.496,264.43
25.5,293.99
25.504,231.25
25.508,345.34
25.512,343.74
25.516,281.29
25.52,281.59
25.524,338.45
25.528,363.5
25.532,337.09
25.536,408.84
25.54,257.33
25.544,189.35
25.548,218.31
25.552,353.97
25.556,338.46
25.56,348.9
25.564,342.36
25.568,327.53
25.572,266.57
25.576,258.46
25.58,288.56
25.584,55.032
25.588,198.92
25.592,138.86
25.596,280.59
25.6,253.59
25.604,249.84
25.608,154.63
25.612,153.05
25.616,268.12
25.62,347.03
25.624,321.25
25.628,335.59
25.632,199.64
25.636,150.34
25.64,289.8
25.644,251.53
25.648,303.27
25.652,167.65
25.656,281.29
25.66,81.285
25.664,227.34
25.668,213.23
25.672,252.52
25.676,113.45
25.68,195.47
25.684,279.15
25.688,163.84
25.692,342.06
25.696,249.37
25.7,180.35
25.704,110.64
25.708,225.92
25.712,164.96
25.716,294.07
25.72,345.03
25.724,254.32
25.728,192.42
25.732,103.64
25.736,239.76
25.74,123.29
25.744,222.47
25.748,293.99
25.752,358.99
25.756,245.11
25.76,264.34
25.764,30.663
25.768,66.713
25.772,170.16
25.776,168.33
25.78,178.18
25.784,125.25
25.788,134.1
25.792,59.178
25.796,194.96
25.8,266.73
25.804,155.73
25.808,261.13
25.812,232.46
25.816,303.28
25.82,156.91
25.824,202.86
25.828,316.95
25.832,132.05
25.836,190.09
25.84,219.41
25.844,135.38
25.848,129.25
25.852,83.434
25.856,201.28
25.86,78.072
25.864,50.1
25.868,77.708
25.872,51.186
25.876,210.53
25.88,84.706
25.884,109.69
25.888,146.85
25.892,14.154
25.896,176.53
25.9,124.74
25.904,192.15
25.908,221.01
25.912,134.98
25.916,61.515
25.92,86.976
25.924,-3.4806
25.928,100.18
25.932,187.48
25.936,226.52
25.94,194.38
25.944,104.88
25.948,33.005
25.952,69.558
25.956,247.27
25.96,90.512
25.964,10.604
25.968,138.07
25.972,157.37
25.976,171.55
25.98,105.49
25.984,186.68
25.988,119.11
25.992,131.83
25.996,170.89
