0,3918
0.004,3918
0.008,3916
0.012,3913
0.016,3913
0.02,3912
0.024,3918
0.028,3918
0.032,3918
0.036,3913
0.04,3910
0.044,3892
0.048,3892
0.052,3892
0.056,3913
0.06,3913
0.064,3918
0.068,3918
0.072,3913
0.076,3913
0.08,3915
0.084,3915
0.088,3916
0.092,3914
0.096,3914
0.1,3920
0.104,3920
0.108,3914
0.112,3914
0.116,3914
0.12,3910
0.124,3910
0.128,3915
0.132,3915
0.136,3917
0.14,3919
0.144,3919
0.148,3912
0.152,3912
0.156,3916
0.16,3916
0.164,3917
0.168,3912
0.172,3912
0.176,3914
0.18,3914
0.184,3891
0.188,3913
0.192,3913
0.196,3912
0.2,3913
0.204,3913
0.208,3913
0.212,3894
0.216,3917
0.22,3917
0.224,3920
0.228,3912
0.232,3912
0.236,3912
0.24,3915
0.244,3912
0.248,3912
0.252,3912
0.256,3920
0.26,3920
0.264,3920
0.268,3918
0.272,3918
0.276,3916
0.28,3916
0.284,3913
0.288,3913
0.292,3916
0.296,3916
0.3,3917
0.304,3918
0.308,3918
0.312,3920
0.316,3920
0.32,3912
0.324,3912
0.328,3916
0.332,3912
0.336,3912
0.34,3916
0.344,3916
0.348,3913
0.352,3918
0.356,3918
0.36,3912
0.364,3914
0.368,3914
0.372,3914
0.376,3893
0.38,3914
0.384,3914
0.388,3913
0.392,3911
0.396,3911
0.4,3892
0.404,3892
0.408,3915
0.412,3915
0.416,3891
0.42,3913
0.424,3913
0.428,3916
0.432,3916
0.436,3916
0.44,3892
0.444,3892
0.448,3911
0.452,3911
0.456,3914
0.46,3914
0.464,3888
0.468,3915
0.472,3915
0.476,3915
0.48,3915
0.484,3915
0.488,3890
0.492,3890
0.496,3914
0.5,3914
0.504,3916
0.508,3916
0.512,3919
0.516,3918
0.52,3918
0.524,3917
0.528,3917
0.532,3893
0.536,3893
0.54,3916
0.544,3914
0.548,3914
0.552,3916
0.556,3916
0.56,3918
0.564,3918
0.568,3918
0.572,3919
0.576,3895
0.58,3895
0.584,3895
0.588,3914
0.592,3911
0.596,3911
0.6,3916
0.604,3908
0.608,3908
0.612,3915
0.616,3915
0.62,3919
0.624,3919
0.628,3914
0.632,3915
0.636,3915
0.64,3915
0.644,3915
0.648,3895
0.652,3915
0.656,3915
0.66,3920
0.664,3920
0.668,3914
0.672,3914
0.676,3918
0.68,3915
0.684,3915
0.688,3916
0.692,3916
0.696,3914
0.7,3919
0.704,3919
0.708,3917
0.712,3917
0.716,3910
0.72,3910
0.724,3915
0.728,3914
0.732,3914
0.736,3917
0.74,3921
0.744,3921
0.748,3921
0.752,3921
0.756,3922
0.76,3922
0.764,3917
0.768,3893
0.772,3893
0.776,3916
0.78,3916
0.784,3914
0.788,3890
0.792,3890
0.796,3912
0.8,3912
0.804,3913
0.808,3913
0.812,3916
0.816,3892
0.82,3892
0.824,3892
0.828,3916
0.832,3919
0.836,3919
0.84,3919
0.844,3917
0.848,3917
0.852,3917
0.856,3917
0.86,3893
0.864,3917
0.868,3917
0.872,3918
0.876,3918
0.88,3919
0.884,3919
0.888,3919
0.892,3918
0.896,3918
0.9,3919
0.904,3919
0.908,3919
0.912,3916
0.916,3913
0.92,3916
0.924,3916
0.928,3913
0.932,3913
0.936,3915
0.94,3912
0.944,3912
0.948,3913
0.952,3918
0.956,3918
0.96,3918
0.964,3913
0.968,3913
0.972,3913
0.976,3916
0.98,3913
0.984,3913
0.988,3913
0.992,3913
0.996,3886
1,3917
1.004,3917
1.008,3916
1.012,3916
1.016,3888
1.02,3888
1.024,3915
1.028,3918
1.032,3918
1.036,3913
1.04,3913
1.044,3892
1.048,3892
1.052,3913
1.056,3894
1.06,3894
1.064,3915
1.068,3915
1.072,3915
1.076,3914
1.08,3914
1.084,3916
1.088,3915
1.092,3915
1.096,3915
1.1,3915
1.104,3915
1.108,3915
1.112,3914
1.116,3911
1.12,3911
1.124,3911
1.128,3916
1.132,3918
1.136,3918
1.14,3919
1.144,3911
1.148,3911
1.152,3912
1.156,3912
1.16,3914
1.164,3917
1.168,3917
1.172,3917
1.176,3912
1.18,3916
1.184,3916
1.188,3911
1.192,3915
1.196,3915
1.2,3884
1.204,3884
1.208,3915
1.212,3887
1.216,3887
1.22,3911
1.224,3911
1.228,3915
1.232,3915
1.236,3892
1.24,3919
1.244,3919
1.248,3915
1.252,3915
1.256,3889
1.26,3889
1.264,3917
1.268,3913
1.272,3913
1.276,3915
1.28,3915
1.284,3911
1.288,3917
1.292,3917
1.296,3915
1.3,3915
1.304,3915
1.308,3915
1.312,3916
1.316,3912
1.32,3912
1.324,3912
1.328,3911
1.332,3911
1.336,3911
1.34,3916
1.344,3912
1.348,3912
1.352,3917
1.356,3917
1.36,3917
1.364,3889
1.368,3889
1.372,3912
1.376,3915
1.38,3915
1.384,3893
1.388,3893
1.392,3914
1.396,3914
1.4,3916
1.404,3917
1.408,3917
1.412,3912
1.416,3912
1.42,3892
1.424,3892
1.428,3915
1.432,3915
1.436,3915
1.44,3912
1.444,3912
1.448,3911
1.452,3918
1.456,3918
1.46,3911
1.464,3890
1.468,3890
1.472,3890
1.476,3916
1.48,3924
1.484,3924
1.488,3915
1.492,3919
1.496,3919
1.5,3919
1.504,3889
1.508,3914
1.512,3914
1.516,3912
1.52,3917
1.524,3917
1.528,3915
1.532,3915
1.536,3887
1.54,3912
1.544,3912
1.548,3913
1.552,3913
1.556,3911
1.56,3911
1.564,3917
1.568,3919
1.572,3919
1.576,3922
1.58,3922
1.584,3915
1.588,3912
1.592,3912
1.596,3913
1.6,3913
1.604,3916
1.608,3916
1.612,3918
1.616,3917
1.62,3917
1.624,3912
1.628,3912
1.632,3910
1.636,3910
1.64,3912
1.644,3917
1.648,3917
1.652,3890
1.656,3890
1.66,3907
1.664,3912
1.668,3912
1.672,3916
1.676,3916
1.68,3916
1.684,3916
1.688,3915
1.692,3913
1.696,3913
1.7,3914
1.704,3908
1.708,3908
1.712,3908
1.716,3913
1.72,3910
1.724,3910
1.728,3912
1.732,3914
1.736,3914
1.74,3913
1.744,3913
1.748,3912
1.752,3914
1.756,3914
1.76,3916
1.764,3916
1.768,3909
1.772,3909
1.776,3919
1.78,3919
1.784,3914
1.788,3914
1.792,3914
1.796,3913
1.8,3913
1.804,3888
1.808,3910
1.812,3910
1.816,3918
1.82,3918
1.824,3913
1.828,3914
1.832,3914
1.836,3914
1.84,3914
1.844,3914
1.848,3914
1.852,3915
1.856,3911
1.86,3911
1.864,3890
1.868,3913
1.872,3913
1.876,3918
1.88,3918
1.884,3913
1.888,3915
1.892,3915
1.896,3916
1.9,3916
1.904,3913
1.908,3913
1.912,3913
1.916,3890
1.92,3890
1.924,3890
1.928,3888
1.932,3920
1.936,3920
1.94,3911
1.944,3911
1.948,3911
1.952,3917
1.956,3917
1.96,3916
1.964,3911
1.968,3911
1.972,3919
1.976,3919
1.98,3915
1.984,3915
1.988,3912
1.992,3916
1.996,3916
2,3914
2.004,3914
2.008,3920
2.012,3920
2.016,3915
2.02,3915
2.024,3915
2.028,3913
2.032,3913
2.036,3910
2.04,3914
2.044,3914
2.048,3913
2.052,3918
2.056,3918
2.06,3918
2.064,3910
2.068,3911
2.072,3911
2.076,3915
2.08,3892
2.084,3892
2.088,3908
2.092,3908
2.096,3893
2.1,3893
2.104,3914
2.108,3912
2.112,3912
2.116,3891
2.12,3891
2.124,3913
2.128,3915
2.132,3915
2.136,3917
2.14,3917
2.144,3916
2.148,3916
2.152,3913
2.156,3918
2.16,3918
2.164,3915
2.168,3915
2.172,3915
2.176,3912
2.18,3912
2.184,3914
2.188,3917
2.192,3917
2.196,3917
2.2,3915
2.204,3920
2.208,3920
2.212,3912
2.216,3916
2.22,3916
2.224,3916
2.228,3915
2.232,3915
2.236,3915
2.24,3914
2.244,3907
2.248,3907
2.252,3915
2.256,3915
2.26,3912
2.264,3918
2.268,3918
2.272,3918
2.276,3918
2.28,3912
2.284,3912
2.288,3914
2.292,3916
2.296,3916
2.3,3916
2.304,3911
2.308,3912
2.312,3912
2.316,3890
2.32,3916
2.324,3916
2.328,3917
2.332,3917
2.336,3888
2.34,3919
2.344,3919
2.348,3917
2.352,3917
2.356,3913
2.36,3913
2.364,3913
2.368,3910
2.372,3910
2.376,3918
2.38,3918
2.384,3909
2.388,3909
2.392,3886
2.396,3913
2.4,3913
2.404,3909
2.408,3909
2.412,3916
2.416,3915
2.42,3915
2.424,3919
2.428,3917
2.432,3917
2.436,3917
2.44,3922
2.444,3916
2.448,3916
2.452,3915
2.456,3911
2.46,3911
2.464,3913
2.468,3913
2.472,3919
2.476,3916
2.48,3916
2.484,3917
2.488,3917
2.492,3915
2.496,3915
2.5,3915
2.504,3914
2.508,3914
2.512,3920
2.516,3920
2.52,3890
2.524,3890
2.528,3893
2.532,3918
2.536,3918
2.54,3913
2.544,3913
2.548,3889
2.552,3892
2.556,3892
2.56,3916
2.564,3920
2.568,3920
2.572,3920
2.576,3914
2.58,3917
2.584,3917
2.588,3916
2.592,3918
2.596,3918
2.6,3918
2.604,3922
2.608,3912
2.612,3912
2.616,3914
2.62,3915
2.624,3915
2.628,3917
2.632,3917
2.636,3915
2.64,3912
2.644,3912
2.648,3915
2.652,3915
2.656,3911
2.66,3911
2.664,3916
2.668,3916
2.672,3916
2.676,3919
2.68,3919
2.684,3893
2.688,3893
2.692,3889
2.696,3918
2.7,3918
2.704,3919
2.708,3919
2.712,3912
2.716,3921
2.72,3921
2.724,3889
2.728,3889
2.732,3910
2.736,3910
2.74,3920
2.744,3913
2.748,3913
2.752,3913
2.756,3913
2.76,3917
2.764,3916
2.768,3916
2.772,3923
2.776,3916
2.78,3916
2.784,3916
2.788,3914
2.792,3909
2.796,3909
2.8,3916
2.804,3911
2.808,3911
2.812,3911
2.816,3916
2.82,3914
2.824,3914
2.828,3914
2.832,3917
2.836,3917
2.84,3907
2.844,3907
2.848,3913
2.852,3913
2.856,3913
2.86,3916
2.864,3916
2.868,3911
2.872,3911
2.876,3914
2.88,3913
2.884,3913
2.888,3912
2.892,3912
2.896,3914
2.9,3914
2.904,3918
2.908,3911
2.912,3911
2.916,3918
2.92,3918
2.924,3914
2.928,3918
2.932,3918
2.936,3915
2.94,3911
2.944,3911
2.948,3911
2.952,3919
2.956,3917
2.96,3917
2.964,3911
2.968,3912
2.972,3912
2.976,3912
2.98,3915
2.984,3888
2.988,3888
2.992,3890
2.996,3909
3,3909
3.004,3912
3.008,3912
3.012,3921
3.016,3916
3.02,3916
3.024,3888
3.028,3888
3.032,3916
3.036,3916
3.04,3914
3.044,3917
3.048,3917
3.052,3914
3.056,3914
3.06,3914
3.064,3914
3.068,3894
3.072,3913
3.076,3913
3.08,3916
3.084,3916
3.088,3915
3.092,3891
3.096,3891
3.1,3911
3.104,3914
3.108,3914
3.112,3914
3.116,3911
3.12,3920
3.124,3920
3.128,3893
3.132,3914
3.136,3914
3.14,3916
3.144,3916
3.148,3895
3.152,3917
3.156,3917
3.16,3893
3.164,3893
3.168,3914
3.172,3914
3.176,3918
3.18,3912
3.184,3912
3.188,3912
3.192,3898
3.196,3916
3.2,3914
3.204,3914
3.208,3913
3.212,3913
3.216,3917
3.22,3917
3.224,3913
3.228,3917
3.232,3917
3.236,3918
3.24,3918
3.244,3917
3.248,3917
3.252,3912
3.256,3892
3.26,3892
3.264,3912
3.268,3912
3.272,3908
3.276,3908
3.28,3908
3.284,3919
3.288,3919
3.292,3915
3.296,3915
3.3,3916
3.304,3915
3.308,3915
3.312,3886
3.316,3915
3.32,3915
3.324,3915
3.328,3916
3.332,3911
3.336,3911
3.34,3913
3.344,3912
3.348,3912
3.352,3916
3.356,3916
3.36,3891
3.364,3891
3.368,3917
3.372,3885
3.376,3885
3.38,3916
3.384,3916
3.388,3915
3.392,3916
3.396,3916
3.4,3917
3.404,3917
3.408,3921
3.412,3921
3.416,3890
3.42,3915
3.424,3915
3.428,3917
3.432,3917
3.436,3913
3.44,3916
3.444,3916
3.448,3912
3.452,3914
3.456,3914
3.46,3914
3.464,3911
3.468,3916
3.472,3916
3.476,3916
3.48,3913
3.484,3913
3.488,3913
3.492,3915
3.496,3916
3.5,3916
3.504,3915
3.508,3917
3.512,3917
3.516,3916
3.52,3916
3.524,3917
3.528,3918
3.532,3918
3.536,3918
3.54,3915
3.544,3918
3.548,3918
3.552,3893
3.556,3919
3.56,3919
3.564,3919
3.568,3916
3.572,3892
3.576,3892
3.58,3917
3.584,3912
3.588,3912
3.592,3889
3.596,3889
3.6,3894
3.604,3916
3.608,3916
3.612,3914
3.616,3914
3.62,3894
3.624,3894
3.628,3913
3.632,3912
3.636,3912
3.64,3916
3.644,3916
3.648,3916
3.652,3916
3.656,3916
3.66,3916
3.664,3916
3.668,3915
3.672,3915
3.676,3917
3.68,3918
3.684,3918
3.688,3917
3.692,3917
3.696,3917
3.7,3917
3.704,3914
3.708,3914
3.712,3914
3.716,3915
3.72,3913
3.724,3913
3.728,3893
3.732,3893
3.736,3919
3.74,3915
3.744,3915
3.748,3917
3.752,3917
3.756,3915
3.76,3915
3.764,3914
3.768,3920
3.772,3920
3.776,3916
3.78,3916
3.784,3886
3.788,3886
3.792,3917
3.796,3918
3.8,3918
3.804,3915
3.808,3915
3.812,3889
3.816,3910
3.82,3910
3.824,3914
3.828,3914
3.832,3914
3.836,3914
3.84,3915
3.844,3915
3.848,3915
3.852,3918
3.856,3890
3.86,3890
3.864,3890
3.868,3914
3.872,3914
3.876,3914
3.88,3917
3.884,3913
3.888,3913
3.892,3916
3.896,3916
3.9,3912
3.904,3920
3.908,3920
3.912,3913
3.916,3913
3.92,3920
3.924,3920
3.928,3915
3.932,3917
3.936,3917
3.94,3914
3.944,3914
3.948,3919
3.952,3919
3.956,3917
3.96,3917
3.964,3917
3.968,3915
3.972,3915
3.976,3913
3.98,3891
3.984,3891
3.988,3892
3.992,3892
3.996,3916
4,3916
4.004,3909
4.008,3915
4.012,3915
4.016,3888
4.02,3888
4.024,3914
4.028,3917
4.032,3917
4.036,3913
4.04,3913
4.044,3913
4.048,3913
4.052,3915
4.056,3916
4.06,3916
4.064,3918
4.068,3916
4.072,3916
4.076,3916
4.08,3916
4.084,3915
4.088,3915
4.092,3891
4.096,3917
4.1,3917
4.104,3912
4.108,3912
4.112,3914
4.116,3887
4.12,3887
4.124,3890
4.128,3890
4.132,3920
4.136,3920
4.14,3916
4.144,3916
4.148,3916
4.152,3911
4.156,3911
4.16,3914
4.164,3914
4.168,3914
4.172,3915
4.176,3915
4.18,3914
4.184,3914
4.188,3914
4.192,3913
4.196,3913
4.2,3916
4.204,3915
4.208,3915
4.212,3915
4.216,3887
4.22,3912
4.224,3912
4.228,3916
4.232,3914
4.236,3914
4.24,3914
4.244,3914
4.248,3918
4.252,3914
4.256,3914
4.26,3914
4.264,3913
4.268,3914
4.272,3914
4.276,3919
4.28,3913
4.284,3913
4.288,3913
4.292,3912
4.296,3916
4.3,3916
4.304,3914
4.308,3914
4.312,3914
4.316,3915
4.32,3915
4.324,3912
4.328,3914
4.332,3914
4.336,3914
4.34,3914
4.344,3915
4.348,3915
4.352,3912
4.356,3912
4.36,3912
4.364,3914
4.368,3914
4.372,3913
4.376,3913
4.38,3912
4.384,3913
4.388,3913
4.392,3892
4.396,3892
4.4,3914
4.404,3892
4.408,3892
4.412,3915
4.416,3891
4.42,3891
4.424,3891
4.428,3916
4.432,3919
4.436,3919
4.44,3920
4.444,3917
4.448,3917
4.452,3917
4.456,3914
4.46,3916
4.464,3916
4.468,3914
4.472,3914
4.476,3914
4.48,3917
4.484,3917
4.488,3917
4.492,3888
4.496,3888
4.5,3918
4.504,3918
4.508,3912
4.512,3915
4.516,3915
4.52,3916
4.524,3916
4.528,3917
4.532,3917
4.536,3914
4.54,3914
4.544,3915
4.548,3914
4.552,3914
4.556,3920
4.56,3920
4.564,3911
4.568,3919
4.572,3919
4.576,3910
4.58,3916
4.584,3916
4.588,3916
4.592,3919
4.596,3915
4.6,3915
4.604,3910
4.608,3915
4.612,3915
4.616,3913
4.62,3913
4.624,3914
4.628,3915
4.632,3915
4.636,3916
4.64,3916
4.644,3914
4.648,3914
4.652,3913
4.656,3892
4.66,3892
4.664,3892
4.668,3917
4.672,3914
4.676,3914
4.68,3914
4.684,3917
4.688,3917
4.692,3912
4.696,3912
4.7,3892
4.704,3917
4.708,3917
4.712,3913
4.716,3913
4.72,3917
4.724,3917
4.728,3918
4.732,3914
4.736,3914
4.74,3917
4.744,3917
4.748,3916
4.752,3916
4.756,3916
4.76,3886
4.764,3886
4.768,3913
4.772,3913
4.776,3914
4.78,3919
4.784,3919
4.788,3915
4.792,3916
4.796,3916
4.8,3916
4.804,3920
4.808,3913
4.812,3913
4.816,3915
4.82,3915
4.824,3915
4.828,3914
4.832,3914
4.836,3916
4.84,3916
4.844,3914
4.848,3914
4.852,3914
4.856,3912
4.86,3912
4.864,3914
4.868,3918
4.872,3918
4.876,3917
4.88,3917
4.884,3914
4.888,3914
4.892,3916
4.896,3915
4.9,3915
4.904,3911
4.908,3911
4.912,3893
4.916,3915
4.92,3915
4.924,3917
4.928,3915
4.932,3915
4.936,3915
4.94,3914
4.944,3915
4.948,3915
4.952,3919
4.956,3917
4.96,3917
4.964,3917
4.968,3917
4.972,3917
4.976,3917
4.98,3922
4.984,3911
4.988,3911
4.992,3916
4.996,3916
5,3912
5.004,3915
5.008,3915
5.012,3915
5.016,3893
5.02,3917
5.024,3917
5.028,3913
5.032,3917
5.036,3917
5.04,3917
5.044,3911
5.048,3917
5.052,3917
5.056,3914
5.06,3918
5.064,3918
5.068,3915
5.072,3915
5.076,3917
5.08,3914
5.084,3914
5.088,3915
5.092,3915
5.096,3913
5.1,3913
5.104,3916
5.108,3920
5.112,3920
5.116,3914
5.12,3914
5.124,3915
5.128,3918
5.132,3918
5.136,3911
5.14,3910
5.144,3910
5.148,3910
5.152,3917
5.156,3915
5.16,3915
5.164,3917
5.168,3913
5.172,3913
5.176,3913
5.18,3914
5.184,3916
5.188,3916
5.192,3916
5.196,3916
5.2,3916
5.204,3915
5.208,3915
5.212,3918
5.216,3917
5.22,3917
5.224,3917
5.228,3917
5.232,3913
5.236,3913
5.24,3894
5.244,3915
5.248,3915
5.252,3916
5.256,3916
5.26,3912
5.264,3912
5.268,3888
5.272,3913
5.276,3913
5.28,3891
5.284,3891
5.288,3916
5.292,3914
5.296,3914
5.3,3915
5.304,3915
5.308,3915
5.312,3915
5.316,3918
5.32,3916
5.324,3916
5.328,3920
5.332,3911
5.336,3911
5.34,3911
5.344,3918
5.348,3919
5.352,3919
5.356,3916
5.36,3918
5.364,3918
5.368,3912
5.372,3912
5.376,3920
5.38,3916
5.384,3916
5.388,3914
5.392,3914
5.396,3916
5.4,3916
5.404,3916
5.408,3917
5.412,3917
5.416,3918
5.42,3918
5.424,3920
5.428,3920
5.432,3914
5.436,3916
5.44,3916
5.444,3913
5.448,3913
5.452,3891
5.456,3914
5.46,3914
5.464,3921
5.468,3921
5.472,3914
5.476,3914
5.48,3914
5.484,3916
5.488,3916
5.492,3913
5.496,3913
5.5,3910
5.504,3913
5.508,3913
5.512,3920
5.516,3919
5.52,3919
5.524,3919
5.528,3912
5.532,3918
5.536,3918
5.54,3887
5.544,3890
5.548,3890
5.552,3890
5.556,3912
5.56,3917
5.564,3917
5.568,3915
5.572,3919
5.576,3919
5.58,3915
5.584,3915
5.588,3889
5.592,3913
5.596,3913
5.6,3914
5.604,3914
5.608,3914
5.612,3914
5.616,3892
5.62,3915
5.624,3915
5.628,3913
5.632,3913
5.636,3891
5.64,3891
5.644,3916
5.648,3915
5.652,3915
5.656,3919
5.66,3919
5.664,3912
5.668,3916
5.672,3916
5.676,3916
5.68,3891
5.684,3891
5.688,3891
5.692,3918
5.696,3912
5.7,3912
5.704,3914
5.708,3914
5.712,3914
5.716,3907
5.72,3907
5.724,3919
5.728,3919
5.732,3914
5.736,3917
5.74,3917
5.744,3915
5.748,3915
5.752,3916
5.756,3921
5.76,3921
5.764,3913
5.768,3913
5.772,3914
5.776,3914
5.78,3916
5.784,3911
5.788,3911
5.792,3919
5.796,3919
5.8,3914
5.804,3890
5.808,3890
5.812,3890
5.816,3890
5.82,3920
5.824,3920
5.828,3920
5.832,3894
5.836,3894
5.84,3923
5.844,3923
5.848,3916
5.852,3916
5.856,3913
5.86,3915
5.864,3915
5.868,3918
5.872,3918
5.876,3913
5.88,3915
5.884,3915
5.888,3915
5.892,3917
5.896,3917
5.9,3917
5.904,3917
5.908,3914
5.912,3914
5.916,3911
5.92,3915
5.924,3915
5.928,3915
5.932,3914
5.936,3913
5.94,3913
5.944,3917
5.948,3889
5.952,3889
5.956,3920
5.96,3920
5.964,3918
5.968,3917
5.972,3917
5.976,3890
5.98,3890
5.984,3894
5.988,3894
5.992,3916
5.996,3910
6,3910
6.004,3916
6.008,3916
6.012,3914
6.016,3914
6.02,3916
6.024,3916
6.028,3915
6.032,3915
6.036,3915
6.04,3910
6.044,3916
6.048,3916
6.052,3916
6.056,3915
6.06,3915
6.064,3915
6.068,3888
6.072,3916
6.076,3916
6.08,3890
6.084,3910
6.088,3910
6.092,3918
6.096,3918
6.1,3892
6.104,3914
6.108,3914
6.112,3891
6.116,3891
6.12,3916
6.124,3916
6.128,3918
6.132,3913
6.136,3913
6.14,3914
6.144,3914
6.148,3916
6.152,3915
6.156,3915
6.16,3912
6.164,3912
6.168,3892
6.172,3892
6.176,3909
6.18,3915
6.184,3915
6.188,3919
6.192,3918
6.196,3918
6.2,3918
6.204,3916
6.208,3914
6.212,3914
6.216,3914
6.22,3917
6.224,3912
6.228,3912
6.232,3916
6.236,3912
6.24,3912
6.244,3916
6.248,3916
6.252,3918
6.256,3917
6.26,3917
6.264,3914
6.268,3915
6.272,3915
6.276,3915
6.28,3915
6.284,3922
6.288,3922
6.292,3917
6.296,3911
6.3,3911
6.304,3917
6.308,3917
6.312,3914
6.316,3914
6.32,3912
6.324,3915
6.328,3915
6.332,3913
6.336,3913
6.34,3917
6.344,3916
6.348,3916
6.352,3919
6.356,3919
6.36,3888
6.364,3888
6.368,3917
6.372,3891
6.376,3891
6.38,3888
6.384,3888
6.388,3914
6.392,3915
6.396,3915
6.4,3916
6.404,3917
6.408,3917
6.412,3917
6.416,3915
6.42,3918
6.424,3918
6.428,3918
6.432,3893
6.436,3893
6.44,3893
6.444,3916
6.448,3909
6.452,3909
6.456,3919
6.46,3894
6.464,3894
6.468,3916
6.472,3916
6.476,3913
6.48,3917
6.484,3917
6.488,3913
6.492,3913
6.496,3889
6.5,3889
6.504,3915
6.508,3916
6.512,3916
6.516,3916
6.52,3916
6.524,3913
6.528,3913
6.532,3916
6.536,3915
6.54,3915
6.544,3917
6.548,3917
6.552,3917
6.556,3914
6.56,3914
6.564,3912
6.568,3914
6.572,3914
6.576,3914
6.58,3912
6.584,3917
6.588,3917
6.592,3913
6.596,3894
6.6,3894
6.604,3894
6.608,3908
6.612,3917
6.616,3917
6.62,3917
6.624,3917
6.628,3916
6.632,3914
6.636,3914
6.64,3915
6.644,3915
6.648,3915
6.652,3915
6.656,3888
6.66,3914
6.664,3914
6.668,3893
6.672,3916
6.676,3916
6.68,3914
6.684,3914
6.688,3920
6.692,3915
6.696,3915
6.7,3919
6.704,3917
6.708,3917
6.712,3912
6.716,3913
6.72,3913
6.724,3892
6.728,3892
6.732,3919
6.736,3919
6.74,3920
6.744,3917
6.748,3917
6.752,3920
6.756,3920
6.76,3911
6.764,3915
6.768,3915
6.772,3917
6.776,3916
6.78,3916
6.784,3916
6.788,3913
6.792,3907
6.796,3907
6.8,3914
6.804,3892
6.808,3892
6.812,3892
6.816,3914
6.82,3914
6.824,3914
6.828,3890
6.832,3913
6.836,3913
6.84,3913
6.844,3913
6.848,3916
6.852,3917
6.856,3917
6.86,3914
6.864,3914
6.868,3913
6.872,3913
6.876,3893
6.88,3920
6.884,3920
6.888,3890
6.892,3890
6.896,3918
6.9,3910
6.904,3910
6.908,3919
6.912,3919
6.916,3914
6.92,3914
6.924,3919
6.928,3916
6.932,3916
6.936,3889
6.94,3913
6.944,3913
6.948,3913
6.952,3919
6.956,3911
6.96,3911
6.964,3920
6.968,3920
6.972,3887
6.976,3910
6.98,3910
6.984,3912
6.988,3917
6.992,3917
6.996,3917
7,3911
7.004,3915
7.008,3915
7.012,3916
7.016,3915
7.02,3915
7.024,3915
7.028,3913
7.032,3916
7.036,3916
7.04,3911
7.044,3889
7.048,3889
7.052,3920
7.056,3920
7.06,3917
7.064,3912
7.068,3912
7.072,3916
7.076,3916
7.08,3921
7.084,3921
7.088,3917
7.092,3915
7.096,3915
7.1,3915
7.104,3915
7.108,3920
7.112,3920
7.116,3916
7.12,3912
7.124,3912
7.128,3919
7.132,3919
7.136,3888
7.14,3912
7.144,3912
7.148,3919
7.152,3917
7.156,3917
7.16,3917
7.164,3914
7.168,3886
7.172,3886
7.176,3916
7.18,3914
7.184,3914
7.188,3919
7.192,3919
7.196,3917
7.2,3917
7.204,3914
7.208,3918
7.212,3918
7.216,3916
7.22,3916
7.224,3891
7.228,3919
7.232,3919
7.236,3914
7.24,3914
7.244,3915
7.248,3915
7.252,3914
7.256,3889
7.26,3889
7.264,3891
7.268,3891
7.272,3890
7.276,3915
7.28,3915
7.284,3894
7.288,3910
7.292,3910
7.296,3910
7.3,3912
7.304,3915
7.308,3915
7.312,3908
7.316,3908
7.32,3914
7.324,3914
7.328,3918
7.332,3915
7.336,3915
7.34,3912
7.344,3912
7.348,3916
7.352,3915
7.356,3915
7.36,3888
7.364,3907
7.368,3907
7.372,3907
7.376,3913
7.38,3913
7.384,3913
7.388,3916
7.392,3914
7.396,3914
7.4,3914
7.404,3914
7.408,3909
7.412,3909
7.416,3893
7.42,3894
7.424,3894
7.428,3918
7.432,3918
7.436,3915
7.44,3915
7.444,3915
7.448,3890
7.452,3890
7.456,3914
7.46,3914
7.464,3918
7.468,3910
7.472,3910
7.476,3913
7.48,3913
7.484,3916
7.488,3913
7.492,3913
7.496,3919
7.5,3919
7.504,3914
7.508,3914
7.512,3888
7.516,3919
7.52,3919
7.524,3915
7.528,3913
7.532,3913
7.536,3913
7.54,3913
7.544,3916
7.548,3916
7.552,3917
7.556,3918
7.56,3918
7.564,3889
7.568,3889
7.572,3916
7.576,3917
7.58,3917
7.584,3912
7.588,3912
7.592,3910
7.596,3910
7.6,3913
7.604,3916
7.608,3916
7.612,3918
7.616,3918
7.62,3912
7.624,3912
7.628,3916
7.632,3916
7.636,3916
7.64,3914
7.644,3914
7.648,3916
7.652,3912
7.656,3912
7.66,3914
7.664,3914
7.668,3914
7.672,3914
7.676,3919
7.68,3915
7.684,3915
7.688,3918
7.692,3918
7.696,3916
7.7,3916
7.704,3917
7.708,3914
7.712,3914
7.716,3918
7.72,3918
7.724,3912
7.728,3918
7.732,3918
7.736,3917
7.74,3912
7.744,3912
7.748,3912
7.752,3911
7.756,3914
7.76,3914
7.764,3917
7.768,3915
7.772,3915
7.776,3915
7.78,3915
7.784,3916
7.788,3913
7.792,3913
7.796,3914
7.8,3914
7.804,3914
7.808,3914
7.812,3893
7.816,3914
7.82,3914
7.824,3918
7.828,3918
7.832,3912
7.836,3912
7.84,3921
7.844,3893
7.848,3893
7.852,3912
7.856,3912
7.86,3912
7.864,3891
7.868,3891
7.872,3916
7.876,3914
7.88,3914
7.884,3914
7.888,3921
7.892,3918
7.896,3918
7.9,3913
7.904,3890
7.908,3890
7.912,3890
7.916,3915
7.92,3914
7.924,3914
7.928,3888
7.932,3892
7.936,3892
7.94,3914
7.944,3914
7.948,3891
7.952,3889
7.956,3889
7.96,3913
7.964,3913
7.968,3916
7.972,3916
7.976,3918
7.98,3889
7.984,3889
7.988,3913
7.992,3913
7.996,3892
8,3921
8.004,3921
8.008,3915
8.012,3915
8.016,3912
8.02,3912
8.024,3919
8.028,3914
8.032,3914
8.036,3916
8.04,3916
8.044,3917
8.048,3917
8.052,3914
8.056,3913
8.06,3913
8.064,3912
8.068,3912
8.072,3916
8.076,3918
8.08,3918
8.084,3917
8.088,3887
8.092,3887
8.096,3887
8.1,3917
8.104,3918
8.108,3918
8.112,3916
8.116,3915
8.12,3915
8.124,3915
8.128,3914
8.132,3916
8.136,3916
8.14,3916
8.144,3915
8.148,3915
8.152,3915
8.156,3915
8.16,3894
8.164,3917
8.168,3917
8.172,3915
8.176,3915
8.18,3914
8.184,3914
8.188,3914
8.192,3910
8.196,3910
8.2,3916
8.204,3916
8.208,3910
8.212,3910
8.216,3912
8.22,3916
8.224,3916
8.228,3914
8.232,3914
8.236,3910
8.24,3915
8.244,3915
8.248,3892
8.252,3921
8.256,3921
8.26,3921
8.264,3916
8.268,3890
8.272,3890
8.276,3910
8.28,3914
8.284,3914
8.288,3914
8.292,3919
8.296,3915
8.3,3915
8.304,3919
8.308,3913
8.312,3913
8.316,3916
8.32,3916
8.324,3915
8.328,3914
8.332,3914
8.336,3921
8.34,3921
8.344,3887
8.348,3887
8.352,3916
8.356,3915
8.36,3915
8.364,3913
8.368,3913
8.372,3915
8.376,3914
8.38,3914
8.384,3921
8.388,3921
8.392,3918
8.396,3918
8.4,3916
8.404,3916
8.408,3916
8.412,3911
8.416,3891
8.42,3891
8.424,3891
8.428,3892
8.432,3920
8.436,3920
8.44,3915
8.444,3915
8.448,3920
8.452,3913
8.456,3913
8.46,3915
8.464,3916
8.468,3916
8.472,3916
8.476,3918
8.48,3914
8.484,3914
8.488,3919
8.492,3914
8.496,3914
8.5,3914
8.504,3890
8.508,3915
8.512,3915
8.516,3889
8.52,3913
8.524,3913
8.528,3910
8.532,3910
8.536,3914
8.54,3913
8.544,3913
8.548,3917
8.552,3917
8.556,3915
8.56,3915
8.564,3917
8.568,3916
8.572,3916
8.576,3914
8.58,3914
8.584,3915
8.588,3915
8.592,3910
8.596,3913
8.6,3913
8.604,3917
8.608,3917
8.612,3922
8.616,3917
8.62,3917
8.624,3917
8.628,3915
8.632,3915
8.636,3915
8.64,3915
8.644,3920
8.648,3920
8.652,3916
8.656,3920
8.66,3920
8.664,3916
8.668,3916
8.672,3910
8.676,3918
8.68,3918
8.684,3888
8.688,3888
8.692,3917
8.696,3917
8.7,3914
8.704,3891
8.708,3891
8.712,3918
8.716,3918
8.72,3915
8.724,3915
8.728,3916
8.732,3889
8.736,3889
8.74,3892
8.744,3892
8.748,3916
8.752,3914
8.756,3914
8.76,3916
8.764,3915
8.768,3915
8.772,3915
8.776,3890
8.78,3911
8.784,3911
8.788,3914
8.792,3914
8.796,3911
8.8,3911
8.804,3916
8.808,3915
8.812,3915
8.816,3917
8.82,3917
8.824,3914
8.828,3914
8.832,3914
8.836,3915
8.84,3915
8.844,3915
8.848,3915
8.852,3915
8.856,3915
8.86,3915
8.864,3918
8.868,3911
8.872,3911
8.876,3911
8.88,3913
8.884,3914
8.888,3914
8.892,3912
8.896,3915
8.9,3915
8.904,3917
8.908,3917
8.912,3913
8.916,3913
8.92,3913
8.924,3913
8.928,3913
8.932,3916
8.936,3916
8.94,3911
8.944,3919
8.948,3919
8.952,3917
8.956,3917
8.96,3911
8.964,3911
8.968,3911
8.972,3912
8.976,3912
8.98,3915
8.984,3915
8.988,3913
8.992,3913
8.996,3918
9,3916
9.004,3916
9.008,3914
9.012,3914
9.016,3894
9.02,3917
9.024,3917
9.028,3887
9.032,3916
9.036,3916
9.04,3916
9.044,3914
9.048,3888
9.052,3888
9.056,3909
9.06,3911
9.064,3911
9.068,3913
9.072,3913
9.076,3916
9.08,3917
9.084,3917
9.088,3914
9.092,3914
9.096,3889
9.1,3889
9.104,3914
9.108,3914
9.112,3914
9.116,3891
9.12,3891
9.124,3891
9.128,3891
9.132,3917
9.136,3919
9.14,3919
9.144,3914
9.148,3914
9.152,3894
9.156,3915
9.16,3915
9.164,3914
9.168,3914
9.172,3915
9.176,3915
9.18,3916
9.184,3914
9.188,3914
9.192,3914
9.196,3914
9.2,3913
9.204,3913
9.208,3890
9.212,3920
9.216,3920
9.22,3911
9.224,3911
9.228,3916
9.232,3913
9.236,3913
9.24,3917
9.244,3885
9.248,3885
9.252,3885
9.256,3920
9.26,3915
9.264,3915
9.268,3915
9.272,3917
9.276,3917
9.28,3917
9.284,3917
9.288,3915
9.292,3915
9.296,3917
9.3,3919
9.304,3919
9.308,3916
9.312,3916
9.316,3916
9.32,3891
9.324,3891
9.328,3919
9.332,3919
9.336,3913
9.34,3913
9.344,3915
9.348,3914
9.352,3914
9.356,3912
9.36,3912
9.364,3915
9.368,3920
9.372,3920
9.376,3916
9.38,3916
9.384,3916
9.388,3916
9.392,3916
9.396,3887
9.4,3887
9.404,3918
9.408,3913
9.412,3913
9.416,3913
9.42,3917
9.424,3891
9.428,3891
9.432,3915
9.436,3914
9.44,3914
9.444,3914
9.448,3914
9.452,3915
9.456,3888
9.46,3888
9.464,3912
9.468,3912
9.472,3913
9.476,3913
9.48,3913
9.484,3913
9.488,3913
9.492,3913
9.496,3908
9.5,3919
9.504,3919
9.508,3913
9.512,3917
9.516,3917
9.52,3915
9.524,3915
9.528,3916
9.532,3916
9.536,3916
9.54,3915
9.544,3915
9.548,3908
9.552,3908
9.556,3913
9.56,3913
9.564,3913
9.568,3910
9.572,3910
9.576,3915
9.58,3915
9.584,3915
9.588,3913
9.592,3913
9.596,3913
9.6,3913
9.604,3919
9.608,3916
9.612,3916
9.616,3914
9.62,3913
9.624,3913
9.628,3913
9.632,3914
9.636,3915
9.64,3915
9.644,3918
9.648,3912
9.652,3912
9.656,3888
9.66,3888
9.664,3916
9.668,3915
9.672,3915
9.676,3889
9.68,3889
9.684,3910
9.688,3910
9.692,3913
9.696,3919
9.7,3919
9.704,3916
9.708,3916
9.712,3911
9.716,3911
9.72,3917
9.724,3890
9.728,3890
9.732,3918
9.736,3918
9.74,3911
9.744,3910
9.748,3910
9.752,3910
9.756,3916
9.76,3916
9.764,3916
9.768,3914
9.772,3914
9.776,3914
9.78,3913
9.784,3918
9.788,3918
9.792,3918
9.796,3911
9.8,3889
9.804,3889
9.808,3914
9.812,3911
9.816,3911
9.82,3912
9.824,3912
9.828,3913
9.832,3916
9.836,3916
9.84,3915
9.844,3915
9.848,3911
9.852,3911
9.856,3911
9.86,3911
9.864,3910
9.868,3910
9.872,3910
9.876,3911
9.88,3911
9.884,3917
9.888,3915
9.892,3915
9.896,3888
9.9,3888
9.904,3912
9.908,3913
9.912,3913
9.916,3891
9.92,3891
9.924,3920
9.928,3920
9.932,3891
9.936,3914
9.94,3914
9.944,3912
9.948,3912
9.952,3915
9.956,3917
9.96,3917
9.964,3915
9.968,3915
9.972,3911
9.976,3911
9.98,3913
9.984,3910
9.988,3910
9.992,3917
9.996,3918
10,3918
10.004,3918
10.008,3913
10.012,3892
10.016,3892
10.02,3894
10.024,3919
10.028,3919
10.032,3917
10.036,3917
10.04,3917
10.044,3913
10.048,3913
10.052,3918
10.056,3918
10.06,3913
10.064,3913
10.068,3915
10.072,3915
10.076,3915
10.08,3913
10.084,3913
10.088,3913
10.092,3913
10.096,3891
10.1,3917
10.104,3917
10.108,3892
10.112,3892
10.116,3913
10.12,3917
10.124,3917
10.128,3892
10.132,3914
10.136,3914
10.14,3914
10.144,3913
10.148,3912
10.152,3912
10.156,3916
10.16,3915
10.164,3915
10.168,3915
10.172,3915
10.176,3911
10.18,3911
10.184,3918
10.188,3913
10.192,3913
10.196,3922
10.2,3922
10.204,3891
10.208,3917
10.212,3917
10.216,3907
10.22,3907
10.224,3917
10.228,3917
10.232,3911
10.236,3916
10.24,3916
10.244,3917
10.248,3917
10.252,3915
10.256,3914
10.26,3914
10.264,3915
10.268,3915
10.272,3888
10.276,3888
10.28,3918
10.284,3894
10.288,3894
10.292,3918
10.296,3918
10.3,3916
10.304,3916
10.308,3913
10.312,3910
10.316,3910
10.32,3913
10.324,3913
10.328,3915
10.332,3919
10.336,3919
10.34,3913
10.344,3914
10.348,3914
10.352,3914
10.356,3912
10.36,3911
10.364,3911
10.368,3918
10.372,3890
10.376,3890
10.38,3890
10.384,3913
10.388,3913
10.392,3913
10.396,3916
10.4,3913
10.404,3913
10.408,3914
10.412,3914
10.416,3889
10.42,3917
10.424,3917
10.428,3916
10.432,3916
10.436,3914
10.44,3914
10.444,3891
10.448,3895
10.452,3895
10.456,3910
10.46,3910
10.464,3913
10.468,3913
10.472,3909
10.476,3917
10.48,3917
10.484,3914
10.488,3914
10.492,3916
10.496,3892
10.5,3892
10.504,3919
10.508,3912
10.512,3912
10.516,3912
10.52,3912
10.524,3914
10.528,3914
10.532,3915
10.536,3911
10.54,3911
10.544,3915
10.548,3914
10.552,3914
10.556,3914
10.56,3912
10.564,3912
10.568,3911
10.572,3911
10.576,3911
10.58,3917
10.584,3917
10.588,3916
10.592,3916
10.596,3916
10.6,3916
10.604,3916
10.608,3893
10.612,3893
10.616,3917
10.62,3917
10.624,3908
10.628,3912
10.632,3912
10.636,3914
10.64,3914
10.644,3919
10.648,3919
10.652,3919
10.656,3919
10.66,3919
10.664,3917
10.668,3917
10.672,3916
10.676,3916
10.68,3913
10.684,3889
10.688,3889
10.692,3918
10.696,3918
10.7,3913
10.704,3914
10.708,3914
10.712,3913
10.716,3917
10.72,3917
10.724,3917
10.728,3917
10.732,3911
10.736,3911
10.74,3916
10.744,3892
10.748,3892
10.752,3915
10.756,3915
10.76,3913
10.764,3889
10.768,3889
10.772,3917
10.776,3917
10.78,3893
10.784,3893
10.788,3917
10.792,3912
10.796,3912
10.8,3914
10.804,3914
10.808,3914
10.812,3914
10.816,3896
10.82,3909
10.824,3909
10.828,3914
10.832,3914
10.836,3916
10.84,3893
10.844,3893
10.848,3912
10.852,3917
10.856,3917
10.86,3917
10.864,3891
10.868,3915
10.872,3915
10.876,3911
10.88,3915
10.884,3915
10.888,3915
10.892,3916
10.896,3916
10.9,3916
10.904,3892
10.908,3913
10.912,3913
10.916,3912
10.92,3912
10.924,3914
10.928,3914
10.932,3914
10.936,3915
10.94,3915
10.944,3912
10.948,3912
10.952,3912
10.956,3918
10.96,3918
10.964,3918
10.968,3918
10.972,3913
10.976,3913
10.98,3915
10.984,3911
10.988,3911
10.992,3911
10.996,3911
11,3916
11.004,3916
11.008,3916
11.012,3916
11.016,3916
11.02,3916
11.024,3916
11.028,3911
11.032,3918
11.036,3918
11.04,3914
11.044,3914
11.048,3917
11.052,3918
11.056,3918
11.06,3913
11.064,3913
11.068,3916
11.072,3916
11.076,3916
11.08,3914
11.084,3914
11.088,3887
11.092,3889
11.096,3889
11.1,3889
11.104,3887
11.108,3893
11.112,3893
11.116,3912
11.12,3912
11.124,3912
11.128,3889
11.132,3889
11.136,3917
11.14,3915
11.144,3915
11.148,3914
11.152,3914
11.156,3913
11.16,3913
11.164,3913
11.168,3915
11.172,3915
11.176,3913
11.18,3913
11.184,3915
11.188,3915
11.192,3908
11.196,3911
11.2,3911
11.204,3915
11.208,3915
11.212,3910
11.216,3915
11.22,3915
11.224,3913
11.228,3915
11.232,3915
11.236,3915
11.24,3916
11.244,3913
11.248,3913
11.252,3915
11.256,3915
11.26,3915
11.264,3915
11.268,3912
11.272,3911
11.276,3911
11.28,3919
11.284,3914
11.288,3914
11.292,3910
11.296,3910
11.3,3910
11.304,3916
11.308,3916
11.312,3913
11.316,3913
11.32,3914
11.324,3914
11.328,3914
11.332,3915
11.336,3915
11.34,3911
11.344,3911
11.348,3912
11.352,3912
11.356,3889
11.36,3911
11.364,3911
11.368,3918
11.372,3918
11.376,3914
11.38,3914
11.384,3914
11.388,3914
11.392,3914
11.396,3915
11.4,3915
11.404,3912
11.408,3911
11.412,3911
11.416,3889
11.42,3889
11.424,3915
11.428,3909
11.432,3909
11.436,3914
11.44,3912
11.444,3912
11.448,3912
11.452,3914
11.456,3913
11.46,3913
11.464,3912
11.468,3893
11.472,3893
11.476,3893
11.48,3920
11.484,3914
11.488,3914
11.492,3916
11.496,3916
11.5,3913
11.504,3913
11.508,3919
11.512,3913
11.516,3913
11.52,3918
11.524,3918
11.528,3890
11.532,3890
11.536,3912
11.54,3915
11.544,3915
11.548,3889
11.552,3889
11.556,3916
11.56,3916
11.564,3892
11.568,3916
11.572,3916
11.576,3911
11.58,3911
11.584,3916
11.588,3893
11.592,3893
11.596,3917
11.6,3915
11.604,3915
11.608,3915
11.612,3910
11.616,3916
11.62,3916
11.624,3916
11.628,3913
11.632,3913
11.636,3913
11.64,3913
11.644,3895
11.648,3895
11.652,3915
11.656,3915
11.66,3914
11.664,3911
11.668,3911
11.672,3917
11.676,3914
11.68,3914
11.684,3912
11.688,3912
11.692,3916
11.696,3916
11.7,3913
11.704,3914
11.708,3914
11.712,3918
11.716,3918
11.72,3914
11.724,3911
11.728,3911
11.732,3915
11.736,3915
11.74,3913
11.744,3913
11.748,3915
11.752,3913
11.756,3913
11.76,3913
11.764,3916
11.768,3916
11.772,3916
11.776,3913
11.78,3912
11.784,3912
11.788,3916
11.792,3916
11.796,3919
11.8,3912
11.804,3912
11.808,3913
11.812,3888
11.816,3888
11.82,3888
11.824,3920
11.828,3915
11.832,3915
11.836,3889
11.84,3892
11.844,3892
11.848,3913
11.852,3913
11.856,3915
11.86,3915
11.864,3887
11.868,3913
11.872,3913
11.876,3918
11.88,3918
11.884,3912
11.888,3891
11.892,3891
11.896,3893
11.9,3893
11.904,3917
11.908,3917
11.912,3915
11.916,3913
11.92,3913
11.924,3914
11.928,3914
11.932,3916
11.936,3912
11.94,3912
11.944,3919
11.948,3916
11.952,3916
11.956,3916
11.96,3917
11.964,3917
11.968,3917
11.972,3919
11.976,3912
11.98,3912
11.984,3912
11.988,3917
11.992,3914
11.996,3914
12,3917
12.004,3917
12.008,3889
12.012,3914
12.016,3914
12.02,3916
12.024,3894
12.028,3894
12.032,3894
12.036,3894
12.04,3919
12.044,3919
12.048,3916
12.052,3916
12.056,3916
12.06,3916
12.064,3914
12.068,3888
12.072,3888
12.076,3914
12.08,3891
12.084,3891
12.088,3915
12.092,3915
12.096,3917
12.1,3893
12.104,3893
12.108,3913
12.112,3913
12.116,3914
12.12,3914
12.124,3911
12.128,3915
12.132,3915
12.136,3917
12.14,3917
12.144,3919
12.148,3913
12.152,3913
12.156,3917
12.16,3916
12.164,3916
12.168,3916
12.172,3912
12.176,3890
12.18,3890
12.184,3918
12.188,3906
12.192,3906
12.196,3906
12.2,3915
12.204,3911
12.208,3911
12.212,3913
12.216,3917
12.22,3917
12.224,3914
12.228,3914
12.232,3911
12.236,3912
12.24,3912
12.244,3915
12.248,3915
12.252,3912
12.256,3912
12.26,3912
12.264,3909
12.268,3909
12.272,3917
12.276,3917
12.28,3913
12.284,3913
12.288,3913
12.292,3915
12.296,3915
12.3,3888
12.304,3888
12.308,3914
12.312,3890
12.316,3890
12.32,3916
12.324,3911
12.328,3911
12.332,3911
12.336,3912
12.34,3914
12.344,3914
12.348,3918
12.352,3910
12.356,3910
12.36,3910
12.364,3911
12.368,3911
12.372,3911
12.376,3915
12.38,3915
12.384,3919
12.388,3914
12.392,3914
12.396,3889
12.4,3917
12.404,3917
12.408,3917
12.412,3916
12.416,3915
12.42,3915
12.424,3916
12.428,3914
12.432,3914
12.436,3912
12.44,3912
12.444,3915
12.448,3915
12.452,3890
12.456,3917
12.46,3917
12.464,3917
12.468,3917
12.472,3890
12.476,3915
12.48,3915
12.484,3914
12.488,3914
12.492,3888
12.496,3888
12.5,3892
12.504,3915
12.508,3915
12.512,3914
12.516,3914
12.52,3918
12.524,3917
12.528,3917
12.532,3914
12.536,3908
12.54,3908
12.544,3908
12.548,3914
12.552,3888
12.556,3888
12.56,3915
12.564,3920
12.568,3920
12.572,3920
12.576,3915
12.58,3885
12.584,3885
12.588,3912
12.592,3888
12.596,3888
12.6,3913
12.604,3913
12.608,3919
12.612,3888
12.616,3888
12.62,3914
12.624,3914
12.628,3914
12.632,3914
12.636,3893
12.64,3918
12.644,3918
12.648,3915
12.652,3915
12.656,3912
12.66,3912
12.664,3919
12.668,3914
12.672,3914
12.676,3913
12.68,3913
12.684,3886
12.688,3913
12.692,3913
12.696,3921
12.7,3914
12.704,3914
12.708,3914
12.712,3915
12.716,3920
12.72,3920
12.724,3913
12.728,3918
12.732,3918
12.736,3915
12.74,3915
12.744,3915
12.748,3915
12.752,3914
12.756,3915
12.76,3915
12.764,3913
12.768,3913
12.772,3914
12.776,3917
12.78,3917
12.784,3914
12.788,3914
12.792,3890
12.796,3890
12.8,3912
12.804,3914
12.808,3914
12.812,3913
12.816,3913
12.82,3915
12.824,3918
12.828,3918
12.832,3918
12.836,3918
12.84,3913
12.844,3913
12.848,3885
12.852,3913
12.856,3913
12.86,3910
12.864,3910
12.868,3911
12.872,3911
12.876,3915
12.88,3916
12.884,3916
12.888,3919
12.892,3919
12.896,3913
12.9,3908
12.904,3908
12.908,3916
12.912,3892
12.916,3892
12.92,3892
12.924,3911
12.928,3886
12.932,3886
12.936,3917
12.94,3891
12.944,3891
12.948,3891
12.952,3916
12.956,3918
12.96,3918
12.964,3889
12.968,3917
12.972,3917
12.976,3912
12.98,3912
12.984,3917
12.988,3913
12.992,3913
12.996,3913
13,3913
13.004,3911
13.008,3911
13.012,3913
13.016,3916
13.02,3916
13.024,3915
13.028,3915
13.032,3916
13.036,3916
13.04,3889
13.044,3893
13.048,3893
13.052,3915
13.056,3915
13.06,3913
13.064,3912
13.068,3912
13.072,3907
13.076,3909
13.08,3909
13.084,3909
13.088,3911
13.092,3919
13.096,3919
13.1,3913
13.104,3915
13.108,3915
13.112,3915
13.116,3915
13.12,3915
13.124,3917
13.128,3917
13.132,3916
13.136,3916
13.14,3917
13.144,3917
13.148,3891
13.152,3916
13.156,3916
13.16,3915
13.164,3915
13.168,3921
13.172,3921
13.176,3915
13.18,3891
13.184,3891
13.188,3892
13.192,3892
13.196,3919
13.2,3914
13.204,3914
13.208,3914
13.212,3914
13.216,3914
13.22,3914
13.224,3912
13.228,3915
13.232,3915
13.236,3915
13.24,3915
13.244,3918
13.248,3918
13.252,3915
13.256,3889
13.26,3889
13.264,3916
13.268,3916
13.272,3913
13.276,3915
13.28,3915
13.284,3911
13.288,3916
13.292,3916
13.296,3916
13.3,3917
13.304,3917
13.308,3917
13.312,3915
13.316,3913
13.32,3913
13.324,3916
13.328,3916
13.332,3918
13.336,3918
13.34,3913
13.344,3917
13.348,3917
13.352,3915
13.356,3915
13.36,3914
13.364,3910
13.368,3910
13.372,3919
13.376,3919
13.38,3917
13.384,3917
13.388,3914
13.392,3916
13.396,3916
13.4,3915
13.404,3915
13.408,3916
13.412,3918
13.416,3918
13.42,3912
13.424,3911
13.428,3911
13.432,3911
13.436,3916
13.44,3915
13.444,3915
13.448,3916
13.452,3912
13.456,3912
13.46,3912
13.464,3910
13.468,3913
13.472,3913
13.476,3912
13.48,3913
13.484,3913
13.488,3890
13.492,3890
13.496,3919
13.5,3914
13.504,3914
13.508,3915
13.512,3915
13.516,3912
13.52,3912
13.524,3913
13.528,3913
13.532,3913
13.536,3914
13.54,3914
13.544,3915
13.548,3915
13.552,3917
13.556,3916
13.56,3916
13.564,3891
13.568,3891
13.572,3893
13.576,3915
13.58,3915
13.584,3916
13.588,3916
13.592,3914
13.596,3914
13.6,3888
13.604,3914
13.608,3914
13.612,3893
13.616,3893
13.62,3916
13.624,3916
13.628,3916
13.632,3914
13.636,3914
13.64,3919
13.644,3919
13.648,3915
13.652,3917
13.656,3917
13.66,3911
13.664,3916
13.668,3916
13.672,3916
13.676,3918
13.68,3915
13.684,3915
13.688,3913
13.692,3919
13.696,3919
13.7,3912
13.704,3912
13.708,3912
13.712,3912
13.716,3889
13.72,3912
13.724,3912
13.728,3915
13.732,3915
13.736,3915
13.74,3915
13.744,3915
13.748,3912
13.752,3912
13.756,3919
13.76,3919
13.764,3915
13.768,3918
13.772,3918
13.776,3912
13.78,3912
13.784,3919
13.788,3914
13.792,3914
13.796,3914
13.8,3890
13.804,3890
13.808,3890
13.812,3917
13.816,3912
13.82,3912
13.824,3889
13.828,3914
13.832,3914
13.836,3914
13.84,3922
13.844,3911
13.848,3911
13.852,3915
13.856,3914
13.86,3914
13.864,3913
13.868,3913
13.872,3916
13.876,3916
13.88,3916
13.884,3915
13.888,3915
13.892,3912
13.896,3912
13.9,3916
13.904,3913
13.908,3913
13.912,3918
13.916,3918
13.92,3888
13.924,3888
13.928,3893
13.932,3892
13.936,3892
13.94,3915
13.944,3915
13.948,3914
13.952,3892
13.956,3892
13.96,3917
13.964,3911
13.968,3911
13.972,3911
13.976,3916
13.98,3917
13.984,3917
13.988,3912
13.992,3911
13.996,3911
14,3911
14.004,3918
14.008,3913
14.012,3913
14.016,3915
14.02,3912
14.024,3912
14.028,3915
14.032,3915
14.036,3893
14.04,3913
14.044,3913
14.048,3913
14.052,3907
14.056,3916
14.06,3916
14.064,3915
14.068,3915
14.072,3915
14.076,3918
14.08,3918
14.084,3916
14.088,3914
14.092,3914
14.096,3916
14.1,3916
14.104,3920
14.108,3920
14.112,3911
14.116,3910
14.12,3910
14.124,3913
14.128,3913
14.132,3916
14.136,3916
14.14,3912
14.144,3891
14.148,3891
14.152,3912
14.156,3912
14.16,3915
14.164,3914
14.168,3914
14.172,3887
14.176,3918
14.18,3918
14.184,3918
14.188,3885
14.192,3912
14.196,3912
14.2,3914
14.204,3915
14.208,3915
14.212,3915
14.216,3913
14.22,3912
14.224,3912
14.228,3915
14.232,3912
14.236,3912
14.24,3913
14.244,3913
14.248,3918
14.252,3915
14.256,3915
14.26,3891
14.264,3891
14.268,3918
14.272,3918
14.276,3917
14.28,3917
14.284,3917
14.288,3913
14.292,3913
14.296,3917
14.3,3917
14.304,3921
14.308,3914
14.312,3914
14.316,3914
14.32,3914
14.324,3918
14.328,3916
14.332,3916
14.336,3911
14.34,3916
14.344,3916
14.348,3916
14.352,3892
14.356,3911
14.36,3911
14.364,3915
14.368,3919
14.372,3919
14.376,3919
14.38,3917
14.384,3912
14.388,3912
14.392,3914
14.396,3918
14.4,3918
14.404,3893
14.408,3893
14.412,3912
14.416,3917
14.42,3917
14.424,3893
14.428,3893
14.432,3919
14.436,3919
14.44,3913
14.444,3917
14.448,3917
14.452,3916
14.456,3916
14.46,3919
14.464,3916
14.468,3916
14.472,3916
14.476,3916
14.48,3910
14.484,3910
14.488,3911
14.492,3914
14.496,3914
14.5,3918
14.504,3918
14.508,3912
14.512,3912
14.516,3915
14.52,3917
14.524,3917
14.528,3911
14.532,3911
14.536,3916
14.54,3915
14.544,3915
14.548,3917
14.552,3917
14.556,3917
14.56,3913
14.564,3887
14.568,3887
14.572,3916
14.576,3911
14.58,3911
14.584,3911
14.588,3891
14.592,3914
14.596,3914
14.6,3917
14.604,3914
14.608,3914
14.612,3910
14.616,3910
14.62,3911
14.624,3889
14.628,3889
14.632,3913
14.636,3913
14.64,3917
14.644,3917
14.648,3915
14.652,3909
14.656,3909
14.66,3921
14.664,3921
14.668,3914
14.672,3914
14.676,3913
14.68,3915
14.684,3915
14.688,3912
14.692,3912
14.696,3915
14.7,3914
14.704,3914
14.708,3912
14.712,3917
14.716,3917
14.72,3917
14.724,3913
14.728,3916
14.732,3916
14.736,3912
14.74,3911
14.744,3911
14.748,3911
14.752,3911
14.756,3915
14.76,3918
14.764,3918
14.768,3914
14.772,3914
14.776,3917
14.78,3917
14.784,3885
14.788,3912
14.792,3912
14.796,3893
14.8,3893
14.804,3913
14.808,3913
14.812,3912
14.816,3910
14.82,3910
14.824,3910
14.828,3910
14.832,3914
14.836,3916
14.84,3916
14.844,3914
14.848,3894
14.852,3894
14.856,3894
14.86,3915
14.864,3915
14.868,3915
14.872,3912
14.876,3912
14.88,3915
14.884,3915
14.888,3889
14.892,3916
14.896,3916
14.9,3915
14.904,3915
14.908,3917
14.912,3915
14.916,3915
14.92,3914
14.924,3916
14.928,3916
14.932,3916
14.936,3895
14.94,3915
14.944,3915
14.948,3889
14.952,3890
14.956,3890
14.96,3915
14.964,3915
14.968,3915
14.972,3916
14.976,3916
14.98,3916
14.984,3916
14.988,3917
14.992,3917
14.996,3915
15,3914
15.004,3914
15.008,3912
15.012,3912
15.016,3917
15.02,3917
15.024,3912
15.028,3915
15.032,3915
15.036,3888
15.04,3888
15.044,3914
15.048,3914
15.052,3914
15.056,3917
15.06,3914
15.064,3914
15.068,3914
15.072,3914
15.076,3894
15.08,3894
15.084,3920
15.088,3915
15.092,3915
15.096,3915
15.1,3915
15.104,3916
15.108,3916
15.112,3918
15.116,3914
15.12,3914
15.124,3917
15.128,3917
15.132,3917
15.136,3911
15.14,3911
15.144,3888
15.148,3888
15.152,3919
15.156,3919
15.16,3892
15.164,3914
15.168,3914
15.172,3917
15.176,3917
15.18,3915
15.184,3915
15.188,3910
15.192,3914
15.196,3914
15.2,3889
15.204,3889
15.208,3891
15.212,3912
15.216,3912
15.22,3913
15.224,3917
15.228,3917
15.232,3917
15.236,3918
15.24,3913
15.244,3913
15.248,3913
15.252,3913
15.256,3913
15.26,3914
15.264,3914
15.268,3888
15.272,3888
15.276,3912
15.28,3912
15.284,3916
15.288,3913
15.292,3913
15.296,3909
15.3,3915
15.304,3915
15.308,3915
15.312,3914
15.316,3911
15.32,3911
15.324,3920
15.328,3915
15.332,3915
15.336,3913
15.34,3913
15.344,3914
15.348,3912
15.352,3912
15.356,3916
15.36,3916
15.364,3889
15.368,3889
15.372,3890
15.376,3914
15.38,3914
15.384,3913
15.388,3913
15.392,3913
15.396,3913
15.4,3912
15.404,3914
15.408,3914
15.412,3911
15.416,3911
15.42,3913
15.424,3910
15.428,3910
15.432,3911
15.436,3915
15.44,3915
15.444,3915
15.448,3916
15.452,3889
15.456,3889
15.46,3884
15.464,3916
15.468,3916
15.472,3916
15.476,3911
15.48,3912
15.484,3912
15.488,3913
15.492,3914
15.496,3914
15.5,3913
15.504,3913
15.508,3915
15.512,3914
15.516,3914
15.52,3916
15.524,3916
15.528,3915
15.532,3915
15.536,3913
15.54,3912
15.544,3912
15.548,3917
15.552,3917
15.556,3917
15.56,3916
15.564,3916
15.568,3892
15.572,3892
15.576,3910
15.58,3910
15.584,3919
15.588,3914
15.592,3914
15.596,3918
15.6,3915
15.604,3915
15.608,3915
15.612,3888
15.616,3910
15.62,3910
15.624,3913
15.628,3916
15.632,3916
15.636,3915
15.64,3915
15.644,3915
15.648,3920
15.652,3920
15.656,3920
15.66,3915
15.664,3911
15.668,3911
15.672,3891
15.676,3915
15.68,3915
15.684,3915
15.688,3913
15.692,3912
15.696,3912
15.7,3886
15.704,3911
15.708,3911
15.712,3916
15.716,3916
15.72,3913
15.724,3914
15.728,3914
15.732,3888
15.736,3888
15.74,3916
15.744,3916
15.748,3911
15.752,3912
15.756,3912
15.76,3912
15.764,3912
15.768,3888
15.772,3888
15.776,3913
15.78,3913
15.784,3913
15.788,3889
15.792,3889
15.796,3916
15.8,3917
15.804,3917
15.808,3911
15.812,3912
15.816,3912
15.82,3912
15.824,3915
15.828,3914
15.832,3914
15.836,3911
15.84,3914
15.844,3914
15.848,3914
15.852,3913
15.856,3914
15.86,3914
15.864,3919
15.868,3912
15.872,3912
15.876,3915
15.88,3915
15.884,3889
15.888,3916
15.892,3916
15.896,3914
15.9,3914
15.904,3915
15.908,3915
15.912,3912
15.916,3891
15.92,3891
15.924,3916
15.928,3916
15.932,3914
15.936,3914
15.94,3914
15.944,3916
15.948,3916
15.952,3917
15.956,3917
15.96,3917
15.964,3912
15.968,3912
15.972,3916
15.976,3889
15.98,3889
15.984,3889
15.988,3911
15.992,3916
15.996,3916
16,3916
16.004,3912
16.008,3912
16.012,3892
16.016,3892
16.02,3915
16.024,3915
16.028,3915
16.032,3918
16.036,3918
16.04,3890
16.044,3890
16.048,3918
16.052,3913
16.056,3913
16.06,3913
16.064,3913
16.068,3914
16.072,3914
16.076,3912
16.08,3913
16.084,3913
16.088,3886
16.092,3886
16.096,3917
16.1,3915
16.104,3915
16.108,3917
16.112,3917
16.116,3915
16.12,3915
16.124,3917
16.128,3917
16.132,3917
16.136,3910
16.14,3910
16.144,3913
16.148,3913
16.152,3914
16.156,3912
16.16,3912
16.164,3917
16.168,3917
16.172,3911
16.176,3918
16.18,3918
16.184,3923
16.188,3913
16.192,3913
16.196,3913
16.2,3892
16.204,3887
16.208,3887
16.212,3914
16.216,3913
16.22,3913
16.224,3914
16.228,3914
16.232,3917
16.236,3917
16.24,3910
16.244,3918
16.248,3918
16.252,3917
16.256,3917
16.26,3918
16.264,3912
16.268,3912
16.272,3888
16.276,3888
16.28,3917
16.284,3917
16.288,3919
16.292,3914
16.296,3914
16.3,3913
16.304,3913
16.308,3913
16.312,3914
16.316,3914
16.32,3922
16.324,3914
16.328,3914
16.332,3914
16.336,3916
16.34,3915
16.344,3915
16.348,3916
16.352,3910
16.356,3910
16.36,3910
16.364,3908
16.368,3911
16.372,3911
16.376,3917
16.38,3913
16.384,3913
16.388,3887
16.392,3887
16.396,3916
16.4,3910
16.404,3910
16.408,3905
16.412,3905
16.416,3909
16.42,3909
16.424,3911
16.428,3915
16.432,3915
16.436,3922
16.44,3922
16.444,3917
16.448,3917
16.452,3912
16.456,3913
16.46,3913
16.464,3889
16.468,3889
16.472,3917
16.476,3896
16.48,3896
16.484,3920
16.488,3920
16.492,3914
16.496,3914
16.5,3889
16.504,3916
16.508,3916
16.512,3915
16.516,3915
16.52,3914
16.524,3909
16.528,3909
16.532,3915
16.536,3915
16.54,3914
16.544,3914
16.548,3919
16.552,3911
16.556,3911
16.56,3912
16.564,3916
16.568,3916
16.572,3916
16.576,3915
16.58,3919
16.584,3919
16.588,3911
16.592,3915
16.596,3915
16.6,3917
16.604,3917
16.608,3914
16.612,3911
16.616,3911
16.62,3915
16.624,3915
16.628,3915
16.632,3915
16.636,3912
16.64,3915
16.644,3915
16.648,3919
16.652,3919
16.656,3915
16.66,3915
16.664,3909
16.668,3914
16.672,3914
16.676,3913
16.68,3913
16.684,3891
16.688,3893
16.692,3893
16.696,3913
16.7,3915
16.704,3915
16.708,3915
16.712,3915
16.716,3910
16.72,3910
16.724,3912
16.728,3914
16.732,3914
16.736,3914
16.74,3914
16.744,3887
16.748,3887
16.752,3916
16.756,3912
16.76,3912
16.764,3914
16.768,3914
16.772,3919
16.776,3915
16.78,3915
16.784,3916
16.788,3916
16.792,3913
16.796,3913
16.8,3915
16.804,3922
16.808,3922
16.812,3911
16.816,3911
16.82,3917
16.824,3917
16.828,3917
16.832,3912
16.836,3912
16.84,3913
16.844,3913
16.848,3893
16.852,3915
16.856,3915
16.86,3917
16.864,3914
16.868,3914
16.872,3914
16.876,3918
16.88,3915
16.884,3915
16.888,3924
16.892,3913
16.896,3913
16.9,3891
16.904,3891
16.908,3914
16.912,3919
16.916,3919
16.92,3919
16.924,3912
16.928,3917
16.932,3917
16.936,3891
16.94,3918
16.944,3918
16.948,3918
16.952,3915
16.956,3889
16.96,3889
16.964,3916
16.968,3911
16.972,3911
16.976,3914
16.98,3914
16.984,3915
16.988,3916
16.992,3916
16.996,3891
17,3891
17.004,3913
17.008,3913
17.012,3914
17.016,3919
17.02,3919
17.024,3911
17.028,3911
17.032,3912
17.036,3912
17.04,3916
17.044,3913
17.048,3913
17.052,3912
17.056,3912
17.06,3920
17.064,3913
17.068,3913
17.072,3915
17.076,3916
17.08,3916
17.084,3916
17.088,3914
17.092,3913
17.096,3913
17.1,3913
17.104,3914
17.108,3914
17.112,3914
17.116,3917
17.12,3910
17.124,3910
17.128,3913
17.132,3916
17.136,3916
17.14,3920
17.144,3920
17.148,3912
17.152,3915
17.156,3915
17.16,3920
17.164,3920
17.168,3892
17.172,3892
17.176,3894
17.18,3917
17.184,3917
17.188,3892
17.192,3892
17.196,3917
17.2,3918
17.204,3918
17.208,3917
17.212,3917
17.216,3913
17.22,3913
17.224,3919
17.228,3916
17.232,3916
17.236,3913
17.24,3920
17.244,3920
17.248,3920
17.252,3917
17.256,3913
17.26,3913
17.264,3919
17.268,3919
17.272,3891
17.276,3919
17.28,3919
17.284,3915
17.288,3896
17.292,3896
17.296,3896
17.3,3917
17.304,3919
17.308,3919
17.312,3914
17.316,3916
17.32,3916
17.324,3916
17.328,3917
17.332,3887
17.336,3887
17.34,3918
17.344,3921
17.348,3921
17.352,3918
17.356,3918
17.36,3919
17.364,3918
17.368,3918
17.372,3918
17.376,3918
17.38,3919
17.384,3919
17.388,3921
17.392,3914
17.396,3914
17.4,3917
17.404,3917
17.408,3913
17.412,3913
17.416,3914
17.42,3912
17.424,3912
17.428,3917
17.432,3917
17.436,3915
17.44,3919
17.444,3919
17.448,3915
17.452,3914
17.456,3914
17.46,3914
17.464,3912
17.468,3917
17.472,3917
17.476,3917
17.48,3919
17.484,3919
17.488,3913
17.492,3913
17.496,3912
17.5,3912
17.504,3915
17.508,3921
17.512,3921
17.516,3916
17.52,3916
17.524,3915
17.528,3916
17.532,3916
17.536,3918
17.54,3918
17.544,3919
17.548,3919
17.552,3918
17.556,3915
17.56,3915
17.564,3916
17.568,3916
17.572,3915
17.576,3913
17.58,3913
17.584,3920
17.588,3920
17.592,3915
17.596,3915
17.6,3914
17.604,3889
17.608,3889
17.612,3916
17.616,3919
17.62,3919
17.624,3919
17.628,3919
17.632,3888
17.636,3888
17.64,3914
17.644,3920
17.648,3920
17.652,3915
17.656,3915
17.66,3918
17.664,3917
17.668,3917
17.672,3916
17.676,3916
17.68,3919
17.684,3919
17.688,3917
17.692,3911
17.696,3911
17.7,3910
17.704,3910
17.708,3918
17.712,3918
17.716,3915
17.72,3916
17.724,3916
17.728,3911
17.732,3911
17.736,3911
17.74,3890
17.744,3890
17.748,3891
17.752,3891
17.756,3893
17.76,3893
17.764,3922
17.768,3913
17.772,3913
17.776,3893
17.78,3893
17.784,3914
17.788,3914
17.792,3914
17.796,3916
17.8,3916
17.804,3891
17.808,3891
17.812,3885
17.816,3919
17.82,3919
17.824,3916
17.828,3892
17.832,3892
17.836,3892
17.84,3920
17.844,3891
17.848,3891
17.852,3914
17.856,3915
17.86,3915
17.864,3913
17.868,3913
17.872,3915
17.876,3915
17.88,3917
17.884,3918
17.888,3918
17.892,3914
17.896,3914
17.9,3918
17.904,3914
17.908,3914
17.912,3915
17.916,3915
17.92,3920
17.924,3920
17.928,3915
17.932,3917
17.936,3917
17.94,3894
17.944,3894
17.948,3912
17.952,3917
17.956,3917
17.96,3913
17.964,3916
17.968,3916
17.972,3916
17.976,3918
17.98,3915
17.984,3915
17.988,3916
17.992,3911
17.996,3911
18,3911
18.004,3914
18.008,3911
18.012,3911
18.016,3913
18.02,3920
18.024,3920
18.028,3916
18.032,3916
18.036,3918
18.04,3911
18.044,3911
18.048,3916
18.052,3916
18.056,3914
18.06,3914
18.064,3911
18.068,3911
18.072,3911
18.076,3917
18.08,3917
18.084,3914
18.088,3914
18.092,3915
18.096,3916
18.1,3916
18.104,3913
18.108,3913
18.112,3915
18.116,3918
18.12,3918
18.124,3915
18.128,3915
18.132,3920
18.136,3920
18.14,3915
18.144,3919
18.148,3919
18.152,3918
18.156,3918
18.16,3917
18.164,3915
18.168,3915
18.172,3887
18.176,3887
18.18,3915
18.184,3915
18.188,3915
18.192,3916
18.196,3916
18.2,3915
18.204,3914
18.208,3914
18.212,3914
18.216,3890
18.22,3913
18.224,3913
18.228,3917
18.232,3916
18.236,3916
18.24,3917
18.244,3917
18.248,3912
18.252,3914
18.256,3914
18.26,3916
18.264,3916
18.268,3912
18.272,3912
18.276,3914
18.28,3910
18.284,3910
18.288,3912
18.292,3912
18.296,3895
18.3,3895
18.304,3920
18.308,3908
18.312,3908
18.316,3914
18.32,3914
18.324,3918
18.328,3891
18.332,3891
18.336,3908
18.34,3916
18.344,3916
18.348,3916
18.352,3914
18.356,3914
18.36,3914
18.364,3912
18.368,3910
18.372,3910
18.376,3910
18.38,3916
18.384,3912
18.388,3912
18.392,3914
18.396,3910
18.4,3910
18.404,3888
18.408,3888
18.412,3915
18.416,3918
18.42,3918
18.424,3914
18.428,3914
18.432,3916
18.436,3916
18.44,3913
18.444,3916
18.448,3916
18.452,3917
18.456,3917
18.46,3910
18.464,3908
18.468,3908
18.472,3909
18.476,3909
18.48,3918
18.484,3918
18.488,3914
18.492,3919
18.496,3919
18.5,3911
18.504,3911
18.508,3889
18.512,3889
18.516,3916
18.52,3916
18.524,3916
18.528,3916
18.532,3916
18.536,3919
18.54,3914
18.544,3914
18.548,3910
18.552,3915
18.556,3915
18.56,3915
18.564,3915
18.568,3918
18.572,3918
18.576,3910
18.58,3894
18.584,3894
18.588,3894
18.592,3916
18.596,3919
18.6,3919
18.604,3917
18.608,3913
18.612,3913
18.616,3912
18.62,3912
18.624,3913
18.628,3915
18.632,3915
18.636,3915
18.64,3915
18.644,3913
18.648,3913
18.652,3912
18.656,3916
18.66,3916
18.664,3913
18.668,3913
18.672,3915
18.676,3915
18.68,3893
18.684,3886
18.688,3886
18.692,3913
18.696,3913
18.7,3889
18.704,3915
18.708,3915
18.712,3914
18.716,3920
18.72,3920
18.724,3920
18.728,3914
18.732,3914
18.736,3914
18.74,3890
18.744,3914
18.748,3914
18.752,3917
18.756,3917
18.76,3917
18.764,3916
18.768,3916
18.772,3915
18.776,3915
18.78,3916
18.784,3916
18.788,3911
18.792,3918
18.796,3918
18.8,3913
18.804,3913
18.808,3918
18.812,3918
18.816,3915
18.82,3920
18.824,3920
18.828,3917
18.832,3917
18.836,3913
18.84,3919
18.844,3919
18.848,3916
18.852,3918
18.856,3918
18.86,3918
18.864,3910
18.868,3915
18.872,3915
18.876,3908
18.88,3915
18.884,3915
18.888,3915
18.892,3915
18.896,3914
18.9,3914
18.904,3913
18.908,3912
18.912,3912
18.916,3917
18.92,3917
18.924,3893
18.928,3891
18.932,3891
18.936,3891
18.94,3918
18.944,3916
18.948,3916
18.952,3918
18.956,3915
18.96,3915
18.964,3915
18.968,3884
18.972,3912
18.976,3912
18.98,3917
18.984,3914
18.988,3914
18.992,3889
18.996,3889
19,3915
19.004,3912
19.008,3912
19.012,3915
19.016,3915
19.02,3915
19.024,3915
19.028,3912
19.032,3911
19.036,3911
19.04,3915
19.044,3915
19.048,3918
19.052,3911
19.056,3911
19.06,3917
19.064,3917
19.068,3915
19.072,3915
19.076,3912
19.08,3912
19.084,3912
19.088,3915
19.092,3915
19.096,3915
19.1,3915
19.104,3919
19.108,3914
19.112,3914
19.116,3913
19.12,3888
19.124,3888
19.128,3913
19.132,3913
19.136,3915
19.14,3917
19.144,3917
19.148,3917
19.152,3917
19.156,3913
19.16,3913
19.164,3916
19.168,3918
19.172,3918
19.176,3887
19.18,3887
19.184,3912
19.188,3912
19.192,3890
19.196,3916
19.2,3916
19.204,3887
19.208,3887
19.212,3915
19.216,3918
19.22,3918
19.224,3915
19.228,3915
19.232,3915
19.236,3915
19.24,3912
19.244,3912
19.248,3912
19.252,3891
19.256,3914
19.26,3914
19.264,3914
19.268,3913
19.272,3910
19.276,3910
19.28,3914
19.284,3914
19.288,3915
19.292,3911
19.296,3911
19.3,3915
19.304,3913
19.308,3913
19.312,3913
19.316,3885
19.32,3889
19.324,3889
19.328,3913
19.332,3913
19.336,3913
19.34,3914
19.344,3914
19.348,3917
19.352,3917
19.356,3913
19.36,3913
19.364,3913
19.368,3890
19.372,3890
19.376,3912
19.38,3917
19.384,3917
19.388,3914
19.392,3914
19.396,3916
19.4,3916
19.404,3919
19.408,3885
19.412,3885
19.416,3918
19.42,3918
19.424,3915
19.428,3913
19.432,3913
19.436,3914
19.44,3913
19.444,3913
19.448,3913
19.452,3888
19.456,3917
19.46,3917
19.464,3916
19.468,3913
19.472,3913
19.476,3913
19.48,3919
19.484,3910
19.488,3910
19.492,3912
19.496,3910
19.5,3910
19.504,3917
19.508,3917
19.512,3914
19.516,3917
19.52,3917
19.524,3911
19.528,3911
19.532,3914
19.536,3914
19.54,3914
19.544,3914
19.548,3914
19.552,3911
19.556,3911
19.56,3914
19.564,3914
19.568,3920
19.572,3917
19.576,3917
19.58,3918
19.584,3918
19.588,3916
19.592,3914
19.596,3914
19.6,3888
19.604,3914
19.608,3914
19.612,3914
19.616,3913
19.62,3917
19.624,3917
19.628,3916
19.632,3909
19.636,3909
19.64,3921
19.644,3921
19.648,3916
19.652,3916
19.656,3921
19.66,3917
19.664,3917
19.668,3912
19.672,3912
19.676,3919
19.68,3913
19.684,3913
19.688,3918
19.692,3918
19.696,3919
19.7,3919
19.704,3887
19.708,3915
19.712,3915
19.716,3917
19.72,3917
19.724,3916
19.728,3913
19.732,3913
19.736,3893
19.74,3893
19.744,3916
19.748,3916
19.752,3917
19.756,3916
19.76,3916
19.764,3917
19.768,3917
19.772,3909
19.776,3909
19.78,3891
19.784,3917
19.788,3917
19.792,3915
19.796,3915
19.8,3893
19.804,3916
19.808,3916
19.812,3917
19.816,3909
19.82,3909
19.824,3909
19.828,3917
19.832,3916
19.836,3916
19.84,3915
19.844,3914
19.848,3914
19.852,3914
19.856,3915
19.86,3911
19.864,3911
19.868,3910
19.872,3890
19.876,3890
19.88,3917
19.884,3917
19.888,3885
19.892,3913
19.896,3913
19.9,3913
19.904,3913
19.908,3916
19.912,3916
19.916,3919
19.92,3913
19.924,3913
19.928,3914
19.932,3914
19.936,3918
19.94,3918
19.944,3915
19.948,3918
19.952,3918
19.956,3911
19.96,3911
19.964,3913
19.968,3917
19.972,3917
19.976,3915
19.98,3909
19.984,3909
19.988,3909
19.992,3912
19.996,3917
20,3917
20.004,3913
20.008,3911
20.012,3911
20.016,3915
20.02,3915
20.024,3920
20.028,3920
20.032,3914
20.036,3890
20.04,3890
20.044,3889
20.048,3889
20.052,3918
20.056,3915
20.06,3915
20.064,3912
20.068,3912
20.072,3913
20.076,3913
20.08,3915
20.084,3889
20.088,3889
20.092,3916
20.096,3916
20.1,3912
20.104,3913
20.108,3913
20.112,3914
20.116,3914
20.12,3913
20.124,3913
20.128,3912
20.132,3911
20.136,3911
20.14,3914
20.144,3914
20.148,3915
20.152,3915
20.156,3884
20.16,3914
20.164,3914
20.168,3917
20.172,3917
20.176,3918
20.18,3917
20.184,3917
20.188,3917
20.192,3915
20.196,3915
20.2,3915
20.204,3922
20.208,3916
20.212,3916
20.216,3913
20.22,3916
20.224,3916
20.228,3915
20.232,3915
20.236,3912
20.24,3912
20.244,3917
20.248,3916
20.252,3916
20.256,3912
20.26,3912
20.264,3917
20.268,3915
20.272,3915
20.276,3915
20.28,3908
20.284,3908
20.288,3917
20.292,3917
20.296,3917
20.3,3917
20.304,3916
20.308,3914
20.312,3918
20.316,3918
20.32,3918
20.324,3911
20.328,3914
20.332,3914
20.336,3911
20.34,3889
20.344,3889
20.348,3889
20.352,3915
20.356,3910
20.36,3910
20.364,3918
20.368,3916
20.372,3916
20.376,3916
20.38,3916
20.384,3916
20.388,3911
20.392,3911
20.396,3914
20.4,3914
20.404,3917
20.408,3917
20.412,3884
20.416,3914
20.42,3914
20.424,3911
20.428,3911
20.432,3913
20.436,3913
20.44,3908
20.444,3911
20.448,3911
20.452,3916
20.456,3916
20.46,3913
20.464,3916
20.468,3916
20.472,3915
20.476,3915
20.48,3916
20.484,3916
20.488,3917
20.492,3912
20.496,3912
20.5,3914
20.504,3914
20.508,3911
20.512,3914
20.516,3914
20.52,3915
20.524,3915
20.528,3917
20.532,3917
20.536,3914
20.54,3913
20.544,3913
20.548,3913
20.552,3914
20.556,3914
20.56,3914
20.564,3913
20.568,3911
20.572,3911
20.576,3916
20.58,3883
20.584,3883
20.588,3913
20.592,3913
20.596,3916
20.6,3915
20.604,3915
20.608,3914
20.612,3914
20.616,3916
20.62,3916
20.624,3918
20.628,3909
20.632,3909
20.636,3910
20.64,3910
20.644,3916
20.648,3916
20.652,3915
20.656,3918
20.66,3918
20.664,3917
20.668,3917
20.672,3913
20.676,3893
20.68,3893
20.684,3916
20.688,3917
20.692,3917
20.696,3917
20.7,3917
20.704,3914
20.708,3914
20.712,3911
20.716,3913
20.72,3913
20.724,3913
20.728,3914
20.732,3912
20.736,3912
20.74,3911
20.744,3911
20.748,3911
20.752,3886
20.756,3886
20.76,3891
20.764,3911
20.768,3911
20.772,3911
20.776,3912
20.78,3915
20.784,3915
20.788,3916
20.792,3917
20.796,3917
20.8,3916
20.804,3916
20.808,3913
20.812,3890
20.816,3890
20.82,3911
20.824,3911
20.828,3890
20.832,3890
20.836,3913
20.84,3914
20.844,3914
20.848,3888
20.852,3888
20.856,3913
20.86,3913
20.864,3915
20.868,3913
20.872,3913
20.876,3917
20.88,3917
20.884,3920
20.888,3918
20.892,3918
20.896,3914
20.9,3916
20.904,3916
20.908,3916
20.912,3891
20.916,3895
20.92,3895
20.924,3914
20.928,3913
20.932,3913
20.936,3913
20.94,3912
20.944,3912
20.948,3912
20.952,3913
20.956,3914
20.96,3914
20.964,3912
20.968,3912
20.972,3894
20.976,3916
20.98,3916
20.984,3916
20.988,3916
20.992,3914
20.996,3914
21,3889
21.004,3921
21.008,3921
21.012,3909
21.016,3909
21.02,3912
21.024,3912
21.028,3918
21.032,3916
21.036,3916
21.04,3908
21.044,3908
21.048,3919
21.052,3919
21.056,3919
21.06,3913
21.064,3912
21.068,3912
21.072,3912
21.076,3917
21.08,3914
21.084,3914
21.088,3917
21.092,3917
21.096,3917
21.1,3890
21.104,3890
21.108,3910
21.112,3912
21.116,3912
21.12,3912
21.124,3912
21.128,3911
21.132,3911
21.136,3915
21.14,3887
21.144,3887
21.148,3887
21.152,3913
21.156,3917
21.16,3917
21.164,3918
21.168,3915
21.172,3915
21.176,3915
21.18,3915
21.184,3917
21.188,3909
21.192,3909
21.196,3911
21.2,3911
21.204,3885
21.208,3885
21.212,3921
21.216,3912
21.22,3912
21.224,3913
21.228,3913
21.232,3890
21.236,3890
21.24,3918
21.244,3890
21.248,3890
21.252,3891
21.256,3891
21.26,3914
21.264,3912
21.268,3912
21.272,3913
21.276,3911
21.28,3911
21.284,3911
21.288,3912
21.292,3911
21.296,3911
21.3,3891
21.304,3915
21.308,3915
21.312,3915
21.316,3915
21.32,3914
21.324,3914
21.328,3912
21.332,3909
21.336,3909
21.34,3912
21.344,3912
21.348,3916
21.352,3894
21.356,3894
21.36,3916
21.364,3916
21.368,3913
21.372,3913
21.376,3908
21.38,3889
21.384,3889
21.388,3911
21.392,3911
21.396,3917
21.4,3914
21.404,3914
21.408,3913
21.412,3913
21.416,3914
21.42,3914
21.424,3889
21.428,3917
21.432,3917
21.436,3913
21.44,3913
21.444,3913
21.448,3913
21.452,3889
21.456,3913
21.46,3913
21.464,3916
21.468,3915
21.472,3915
21.476,3916
21.48,3916
21.484,3919
21.488,3919
21.492,3919
21.496,3916
21.5,3916
21.504,3916
21.508,3916
21.512,3914
21.516,3913
21.52,3913
21.524,3913
21.528,3908
21.532,3915
21.536,3915
21.54,3916
21.544,3917
21.548,3917
21.552,3914
21.556,3914
21.56,3884
21.564,3909
21.568,3909
21.572,3917
21.576,3917
21.58,3915
21.584,3915
21.588,3918
21.592,3913
21.596,3913
21.6,3917
21.604,3917
21.608,3915
21.612,3915
21.616,3914
21.62,3912
21.624,3914
21.628,3914
21.632,3914
21.636,3894
21.64,3917
21.644,3917
21.648,3912
21.652,3917
21.656,3917
21.66,3917
21.664,3918
21.668,3913
21.672,3913
21.676,3887
21.68,3914
21.684,3914
21.688,3918
21.692,3918
21.696,3913
21.7,3917
21.704,3917
21.708,3917
21.712,3917
21.716,3911
21.72,3911
21.724,3913
21.728,3912
21.732,3912
21.736,3910
21.74,3910
21.744,3891
21.748,3891
21.752,3911
21.756,3915
21.76,3915
21.764,3914
21.768,3914
21.772,3886
21.776,3914
21.78,3914
21.784,3916
21.788,3888
21.792,3888
21.796,3888
21.8,3916
21.804,3889
21.808,3889
21.812,3911
21.816,3913
21.82,3913
21.824,3913
21.828,3914
21.832,3910
21.836,3910
21.84,3914
21.844,3890
21.848,3890
21.852,3889
21.856,3889
21.86,3915
21.864,3890
21.868,3890
21.872,3914
21.876,3914
21.88,3914
21.884,3914
21.888,3912
21.892,3915
21.896,3915
21.9,3886
21.904,3886
21.908,3916
21.912,3916
21.916,3915
21.92,3914
21.924,3914
21.928,3917
21.932,3917
21.936,3913
21.94,3913
21.944,3913
21.948,3911
21.952,3911
21.956,3912
21.96,3912
21.964,3916
21.968,3916
21.972,3916
21.976,3891
21.98,3891
21.984,3915
21.988,3917
21.992,3917
21.996,3911
22,3911
22.004,3919
22.008,3919
22.012,3917
22.016,3888
22.02,3888
22.024,3910
22.028,3910
22.032,3910
22.036,3910
22.04,3917
22.044,3910
22.048,3910
22.052,3915
22.056,3911
22.06,3911
22.064,3889
22.068,3889
22.072,3909
22.076,3916
22.08,3916
22.084,3923
22.088,3923
22.092,3888
22.096,3888
22.1,3918
22.104,3885
22.108,3885
22.112,3910
22.116,3910
22.12,3914
22.124,3914
22.128,3917
22.132,3889
22.136,3889
22.14,3916
22.144,3916
22.148,3913
22.152,3913
22.156,3913
22.16,3914
22.164,3887
22.168,3887
22.172,3887
22.176,3911
22.18,3917
22.184,3917
22.188,3911
22.192,3913
22.196,3913
22.2,3913
22.204,3911
22.208,3920
22.212,3920
22.216,3913
22.22,3916
22.224,3916
22.228,3910
22.232,3910
22.236,3915
22.24,3915
22.244,3915
22.248,3917
22.252,3917
22.256,3911
22.26,3911
22.264,3912
22.268,3916
22.272,3916
22.276,3917
22.28,3917
22.284,3915
22.288,3916
22.292,3916
22.296,3912
22.3,3912
22.304,3911
22.308,3911
22.312,3909
22.316,3910
22.32,3910
22.324,3885
22.328,3885
22.332,3916
22.336,3916
22.34,3913
22.344,3909
22.348,3909
22.352,3910
22.356,3910
22.36,3915
22.364,3914
22.368,3914
22.372,3916
22.376,3911
22.38,3911
22.384,3911
22.388,3913
22.392,3908
22.396,3908
22.4,3892
22.404,3915
22.408,3915
22.412,3915
22.416,3911
22.42,3916
22.424,3916
22.428,3913
22.432,3915
22.436,3915
22.44,3918
22.444,3918
22.448,3912
22.452,3911
22.456,3911
22.46,3917
22.464,3917
22.468,3913
22.472,3913
22.476,3918
22.48,3911
22.484,3911
22.488,3888
22.492,3888
22.496,3915
22.5,3915
22.504,3915
22.508,3916
22.512,3916
22.516,3911
22.52,3911
22.524,3911
22.528,3910
22.532,3910
22.536,3916
22.54,3913
22.544,3913
22.548,3913
22.552,3888
22.556,3915
22.56,3915
22.564,3912
22.568,3914
22.572,3914
22.576,3916
22.58,3916
22.584,3913
22.588,3888
22.592,3888
22.596,3915
22.6,3915
22.604,3915
22.608,3915
22.612,3916
22.616,3915
22.62,3915
22.624,3919
22.628,3919
22.632,3909
22.636,3909
22.64,3915
22.644,3915
22.648,3915
22.652,3916
22.656,3916
22.66,3913
22.664,3918
22.668,3918
22.672,3913
22.676,3913
22.68,3912
22.684,3912
22.688,3910
22.692,3916
22.696,3916
22.7,3914
22.704,3914
22.708,3916
22.712,3916
22.716,3913
22.72,3910
22.724,3910
22.728,3913
22.732,3913
22.736,3913
22.74,3917
22.744,3917
22.748,3888
22.752,3912
22.756,3912
22.76,3912
22.764,3915
22.768,3913
22.772,3913
22.776,3911
22.78,3891
22.784,3891
22.788,3913
22.792,3913
22.796,3908
22.8,3908
22.804,3914
22.808,3910
22.812,3910
22.816,3916
22.82,3913
22.824,3913
22.828,3889
22.832,3889
22.836,3914
22.84,3914
22.844,3912
22.848,3912
22.852,3912
22.856,3916
22.86,3916
22.864,3891
22.868,3914
22.872,3914
22.876,3910
22.88,3912
22.884,3912
22.888,3912
22.892,3912
22.896,3910
22.9,3910
22.904,3915
22.908,3913
22.912,3913
22.916,3913
22.92,3907
22.924,3911
22.928,3911
22.932,3915
22.936,3911
22.94,3911
22.944,3916
22.948,3916
22.952,3909
22.956,3916
22.96,3916
22.964,3914
22.968,3914
22.972,3910
22.976,3910
22.98,3888
22.984,3915
22.988,3915
22.992,3914
22.996,3914
23,3913
23.004,3913
23.008,3914
23.012,3914
23.016,3914
23.02,3915
23.024,3915
23.028,3918
23.032,3894
23.036,3894
23.04,3913
23.044,3913
23.048,3915
23.052,3915
23.056,3918
23.06,3911
23.064,3911
23.068,3918
23.072,3918
23.076,3911
23.08,3917
23.084,3917
23.088,3912
23.092,3912
23.096,3915
23.1,3915
23.104,3889
23.108,3911
23.112,3911
23.116,3915
23.12,3916
23.124,3916
23.128,3916
23.132,3915
23.136,3915
23.14,3915
23.144,3915
23.148,3912
23.152,3912
23.156,3913
23.16,3913
23.164,3909
23.168,3913
23.172,3913
23.176,3923
23.18,3923
23.184,3907
23.188,3907
23.192,3916
23.196,3913
23.2,3913
23.204,3907
23.208,3907
23.212,3915
23.216,3915
23.22,3917
23.224,3915
23.228,3915
23.232,3913
23.236,3913
23.24,3910
23.244,3909
23.248,3909
23.252,3913
23.256,3914
23.26,3914
23.264,3914
23.268,3916
23.272,3917
23.276,3917
23.28,3917
23.284,3912
23.288,3912
23.292,3913
23.296,3913
23.3,3912
23.304,3912
23.308,3915
23.312,3910
23.316,3910
23.32,3915
23.324,3915
23.328,3918
23.332,3918
23.336,3918
23.34,3918
23.344,3887
23.348,3910
23.352,3910
23.356,3912
23.36,3914
23.364,3914
23.368,3910
23.372,3910
23.376,3912
23.38,3911
23.384,3911
23.388,3888
23.392,3888
23.396,3911
23.4,3911
23.404,3913
23.408,3915
23.412,3915
23.416,3909
23.42,3909
23.424,3913
23.428,3913
23.432,3914
23.436,3888
23.44,3888
23.444,3915
23.448,3915
23.452,3913
23.456,3913
23.46,3913
23.464,3917
23.468,3917
23.472,3917
23.476,3917
23.48,3917
23.484,3914
23.488,3914
23.492,3912
23.496,3914
23.5,3914
23.504,3914
23.508,3917
23.512,3907
23.516,3907
23.52,3915
23.524,3916
23.528,3916
23.532,3917
23.536,3917
23.54,3917
23.544,3918
23.548,3918
23.552,3914
23.556,3914
23.56,3915
23.564,3915
23.568,3911
23.572,3911
23.576,3911
23.58,3913
23.584,3913
23.588,3884
23.592,3884
23.596,3912
23.6,3913
23.604,3913
23.608,3916
23.612,3916
23.616,3910
23.62,3912
23.624,3912
23.628,3914
23.632,3911
23.636,3911
23.64,3911
23.644,3913
23.648,3915
23.652,3915
23.656,3916
23.66,3913
23.664,3913
23.668,3913
23.672,3913
23.676,3917
23.68,3917
23.684,3917
23.688,3909
23.692,3909
23.696,3893
23.7,3893
23.704,3910
23.708,3915
23.712,3915
23.716,3917
23.72,3917
23.724,3915
23.728,3915
23.732,3909
23.736,3910
23.74,3910
23.744,3915
23.748,3915
23.752,3913
23.756,3915
23.76,3915
23.764,3916
23.768,3916
23.772,3918
23.776,3918
23.78,3917
23.784,3895
23.788,3895
23.792,3911
23.796,3911
23.8,3891
23.804,3891
23.808,3915
23.812,3917
23.816,3917
23.82,3913
23.824,3913
23.828,3916
23.832,3912
23.836,3912
23.84,3912
23.844,3887
23.848,3887
23.852,3887
23.856,3912
23.86,3914
23.864,3914
23.868,3918
23.872,3915
23.876,3915
23.88,3914
23.884,3914
23.888,3912
23.892,3912
23.896,3909
23.9,3908
23.904,3908
23.908,3911
23.912,3911
23.916,3913
23.92,3918
23.924,3918
23.928,3911
23.932,3911
23.936,3915
23.94,3915
23.944,3914
23.948,3890
23.952,3890
23.956,3913
23.96,3913
23.964,3912
23.968,3918
23.972,3918
23.976,3911
23.98,3890
23.984,3890
23.988,3890
23.992,3917
23.996,3910
24,3910
24.004,3915
24.008,3912
24.012,3912
24.016,3912
24.02,3912
24.024,3917
24.028,3917
24.032,3912
24.036,3912
24.04,3917
24.044,3913
24.048,3913
24.052,3890
24.056,3914
24.06,3914
24.064,3914
24.068,3912
24.072,3913
24.076,3913
24.08,3918
24.084,3891
24.088,3891
24.092,3913
24.096,3913
24.1,3917
24.104,3917
24.108,3892
24.112,3912
24.116,3912
24.12,3912
24.124,3912
24.128,3915
24.132,3918
24.136,3918
24.14,3914
24.144,3914
24.148,3912
24.152,3912
24.156,3914
24.16,3913
24.164,3913
24.168,3914
24.172,3914
24.176,3912
24.18,3918
24.184,3918
24.188,3914
24.192,3914
24.196,3916
24.2,3916
24.204,3919
24.208,3912
24.212,3912
24.216,3912
24.22,3909
24.224,3909
24.228,3909
24.232,3912
24.236,3913
24.24,3913
24.244,3913
24.248,3914
24.252,3914
24.256,3912
24.26,3912
24.264,3915
24.268,3919
24.272,3919
24.276,3912
24.28,3912
24.284,3917
24.288,3917
24.292,3910
24.296,3920
24.3,3920
24.304,3913
24.308,3913
24.312,3911
24.316,3911
24.32,3909
24.324,3914
24.328,3914
24.332,3912
24.336,3912
24.34,3915
24.344,3912
24.348,3912
24.352,3913
24.356,3910
24.36,3910
24.364,3910
24.368,3912
24.372,3919
24.376,3919
24.38,3921
24.384,3914
24.388,3914
24.392,3914
24.396,3919
24.4,3918
24.404,3918
24.408,3913
24.412,3917
24.416,3917
24.42,3914
24.424,3914
24.428,3918
24.432,3913
24.436,3913
24.44,3914
24.444,3914
24.448,3920
24.452,3920
24.456,3913
24.46,3914
24.464,3914
24.468,3915
24.472,3915
24.476,3913
24.48,3913
24.484,3917
24.488,3913
24.492,3913
24.496,3914
24.5,3914
24.504,3916
24.508,3914
24.512,3914
24.516,3912
24.52,3912
24.524,3913
24.528,3913
24.532,3918
24.536,3916
24.54,3916
24.544,3915
24.548,3915
24.552,3888
24.556,3911
24.56,3911
24.564,3890
24.568,3915
24.572,3915
24.576,3915
24.58,3911
24.584,3915
24.588,3915
24.592,3910
24.596,3914
24.6,3914
24.604,3914
24.608,3913
24.612,3917
24.616,3917
24.62,3911
24.624,3916
24.628,3916
24.632,3912
24.636,3912
24.64,3915
24.644,3912
24.648,3912
24.652,3915
24.656,3915
24.66,3913
24.664,3913
24.668,3915
24.672,3913
24.676,3913
24.68,3910
24.684,3910
24.688,3908
24.692,3908
24.696,3914
24.7,3912
24.704,3912
24.708,3892
24.712,3892
24.716,3913
24.72,3894
24.724,3894
24.728,3918
24.732,3918
24.736,3918
24.74,3918
24.744,3916
24.748,3916
24.752,3916
24.756,3919
24.76,3889
24.764,3889
24.768,3911
24.772,3911
24.776,3914
24.78,3914
24.784,3911
24.788,3913
24.792,3913
24.796,3917
24.8,3917
24.804,3912
24.808,3919
24.812,3919
24.816,3919
24.82,3914
24.824,3915
24.828,3915
24.832,3917
24.836,3896
24.84,3896
24.844,3890
24.848,3890
24.852,3915
24.856,3914
24.86,3914
24.864,3917
24.868,3917
24.872,3913
24.876,3913
24.88,3913
24.884,3915
24.888,3915
24.892,3914
24.896,3914
24.9,3917
24.904,3917
24.908,3915
24.912,3915
24.916,3915
24.92,3917
24.924,3917
24.928,3913
24.932,3916
24.936,3916
24.94,3912
24.944,3915
24.948,3915
24.952,3915
24.956,3920
24.96,3888
24.964,3888
24.968,3913
24.972,3915
24.976,3915
24.98,3915
24.984,3914
24.988,3913
24.992,3913
24.996,3915
25,3914
25.004,3914
25.008,3916
25.012,3916
25.016,3912
25.02,3915
25.024,3915
25.028,3919
25.032,3919
25.036,3915
25.04,3915
25.044,3914
25.048,3916
25.052,3916
25.056,3914
25.06,3914
25.064,3917
25.068,3917
25.072,3911
25.076,3913
25.08,3913
25.084,3910
25.088,3910
25.092,3909
25.096,3917
25.1,3917
25.104,3917
25.108,3916
25.112,3916
25.116,3916
25.12,3912
25.124,3909
25.128,3909
25.132,3914
25.136,3919
25.14,3919
25.144,3915
25.148,3915
25.152,3915
25.156,3919
25.16,3919
25.164,3910
25.168,3910
25.172,3913
25.176,3913
25.18,3917
25.184,3916
25.188,3916
25.192,3916
25.196,3910
25.2,3894
25.204,3894
25.208,3912
25.212,3910
25.216,3910
25.22,3913
25.224,3913
25.228,3911
25.232,3915
25.236,3915
25.24,3918
25.244,3918
25.248,3915
25.252,3915
25.256,3890
25.26,3915
25.264,3915
25.268,3910
25.272,3910
25.276,3909
25.28,3909
25.284,3910
25.288,3915
25.292,3915
25.296,3918
25.3,3918
25.304,3917
25.308,3911
25.312,3911
25.316,3916
25.32,3918
25.324,3918
25.328,3918
25.332,3916
25.336,3912
25.34,3912
25.344,3892
25.348,3915
25.352,3915
25.356,3912
25.36,3912
25.364,3915
25.368,3915
25.372,3917
25.376,3914
25.38,3914
25.384,3912
25.388,3912
25.392,3917
25.396,3890
25.4,3890
25.404,3889
25.408,3889
25.412,3915
25.416,3915
25.42,3918
25.424,3915
25.428,3915
25.432,3913
25.436,3913
25.44,3914
25.444,3913
25.448,3913
25.452,3910
25.456,3914
25.46,3914
25.464,3914
25.468,3913
25.472,3914
25.476,3914
25.48,3910
25.484,3916
25.488,3916
25.492,3916
25.496,3916
25.5,3911
25.504,3911
25.508,3915
25.512,3919
25.516,3919
25.52,3913
25.524,3913
25.528,3914
25.532,3910
25.536,3910
25.54,3909
25.544,3909
25.548,3887
25.552,3887
25.556,3889
25.56,3916
25.564,3916
25.568,3915
25.572,3915
25.576,3916
25.58,3916
25.584,3914
25.588,3915
25.592,3915
25.596,3908
25.6,3908
25.604,3912
25.608,3911
25.612,3911
25.616,3914
25.62,3914
25.624,3909
25.628,3909
25.632,3889
25.636,3892
25.64,3892
25.644,3920
25.648,3920
25.652,3917
25.656,3910
25.66,3910
25.664,3911
25.668,3911
25.672,3911
25.676,3911
25.68,3917
25.684,3916
25.688,3916
25.692,3916
25.696,3922
25.7,3922
25.704,3922
25.708,3917
25.712,3913
25.716,3913
25.72,3918
25.724,3911
25.728,3911
25.732,3918
25.736,3918
25.74,3920
25.744,3891
25.748,3891
25.752,3889
25.756,3889
25.76,3908
25.764,3908
25.768,3914
25.772,3914
25.776,3914
25.78,3912
25.784,3912
25.788,3915
25.792,3915
25.796,3886
25.8,3916
25.804,3916
25.808,3911
25.812,3911
25.816,3912
25.82,3914
25.824,3914
25.828,3889
25.832,3915
25.836,3915
25.84,3915
25.844,3914
25.848,3917
25.852,3917
25.856,3889
25.86,3917
25.864,3917
25.868,3917
25.872,3914
25.876,3910
25.88,3910
25.884,3912
25.888,3917
25.892,3917
25.896,3911
25.9,3911
25.904,3912
25.908,3915
25.912,3915
25.916,3915
25.92,3913
25.924,3921
25.928,3921
25.932,3918
25.936,3912
25.94,3912
25.944,3912
25.948,3912
25.952,3917
25.956,3915
25.96,3915
25.964,3915
25.968,3915
25.972,3909
25.976,3909
25.98,3916
25.984,3920
25.988,3920
25.992,3913
25.996,3913
