0,269.08
0.004,278.5
0.008,292
0.012,280.86
0.016,257.84
0.02,258.26
0.024,284.56
0.028,254.03
0.032,255.76
0.036,268.77
0.04,246.22
0.044,264.61
0.048,250.93
0.052,254.36
0.056,248.25
0.06,242.56
0.064,256.7
0.068,247.39
0.072,253.94
0.076,249.7
0.08,234.85
0.084,249.42
0.088,231.78
0.092,241.68
0.096,244.53
0.1,252.21
0.104,233.05
0.108,243.78
0.112,247.98
0.116,228.92
0.12,231.43
0.124,221.79
0.128,231.19
0.132,244.75
0.136,213.85
0.14,237.04
0.144,221.17
0.148,219.61
0.152,201.38
0.156,213.19
0.16,212.91
0.164,213.18
0.168,229.65
0.172,252.19
0.176,200.87
0.18,227.83
0.184,226.6
0.188,215.58
0.192,186.32
0.196,219.86
0.2,198.69
0.204,167.84
0.208,183.24
0.212,212.19
0.216,186.02
0.22,180.73
0.224,174.54
0.228,192.81
0.232,184.99
0.236,199.55
0.24,184.46
0.244,185.6
0.248,168.46
0.252,145.57
0.256,171.83
0.26,146.93
0.264,154.28
0.268,146.1
0.272,168.01
0.276,165.46
0.28,155.39
0.284,180.19
0.288,126.72
0.292,135.86
0.296,147.4
0.3,149.37
0.304,143.69
0.308,145.14
0.312,131.33
0.316,116.92
0.32,128.2
0.324,119.15
0.328,147.28
0.332,136.97
0.336,115.23
0.34,134.26
0.344,131.64
0.348,138.47
0.352,128.87
0.356,128.77
0.36,102.17
0.364,131.44
0.368,125.44
0.372,123.12
0.376,113.21
0.38,134.14
0.384,104.49
0.388,96.489
0.392,119.43
0.396,97.749
0.4,103.79
0.404,115.27
0.408,114.83
0.412,114.61
0.416,100.7
0.42,117.54
0.424,88.366
0.428,128.89
0.432,90.526
0.436,120.72
0.44,102.72
0.444,102.36
0.448,107.55
0.452,74.879
0.456,91.106
0.46,107.61
0.464,69.796
0.468,69.991
0.472,80.552
0.476,75.599
0.48,89.903
0.484,72.753
0.488,83.742
0.492,77.584
0.496,79.116
0.5,88.489
0.504,68.141
0.508,61.967
0.512,54.336
0.516,63.832
0.52,63.572
0.524,64.522
0.528,98.619
0.532,66.596
0.536,76.807
0.54,63.031
0.544,47.727
0.548,68.352
0.552,86.032
0.556,63.021
0.56,46.45
0.564,45.645
0.568,77.957
0.572,400
0.576,63.521
0.58,28.17
0.584,95.25
0.588,50.237
0.592,82.127
0.596,56.386
0.6,35.718
0.604,55.724
0.608,69.922
0.612,72.984
0.616,73.217
0.62,100.98
0.624,49.566
0.628,64.458
0.632,92.64
0.636,37.775
0.64,77.956
0.644,70.832
0.648,56.382
0.652,47.69
0.656,68.304
0.66,61.127
0.664,43.271
0.668,57.596
0.672,51.326
0.676,74.82
0.68,70.766
0.684,78.282
0.688,60.892
0.692,68.851
0.696,29.881
0.7,69.585
0.704,54.261
0.708,76.058
0.712,75.836
0.716,14.42
0.72,57.46
0.724,75.033
0.728,86.57
0.732,80.813
0.736,79.278
0.74,87.265
0.744,46.112
0.748,65.085
0.752,87.233
0.756,64.843
0.76,65.251
0.764,51.923
0.768,55.691
0.772,63.04
0.776,76.767
0.78,102.6
0.784,35.515
0.788,62.44
0.792,80.818
0.796,50.898
0.8,72.187
0.804,73.881
0.808,73.246
0.812,52.049
0.816,89.106
0.82,69.422
0.824,87.093
0.828,86.651
0.832,75.536
0.836,34.707
0.84,98.914
0.844,76.085
0.848,27.235
0.852,64.137
0.856,57.36
0.86,71.527
0.864,72.081
0.868,44.228
0.872,54.69
0.876,35.544
0.88,87.015
0.884,63.329
0.888,82.11
0.892,41.721
0.896,72.935
0.9,84.311
0.904,70.582
0.908,49.466
0.912,116.52
0.916,96.193
0.92,77.404
0.924,80.133
0.928,37.906
0.932,68.081
0.936,65.992
0.94,95.369
0.944,86.823
0.948,89.204
0.952,54.993
0.956,79.407
0.96,89.298
0.964,90.069
0.968,87.232
0.972,70.977
0.976,94.858
0.98,89.186
0.984,88.156
0.988,96.607
0.992,71.886
0.996,87.668
1,79.198
1.004,71.359
1.008,93.602
1.012,63.508
1.016,87.448
1.02,68.014
1.024,87.856
1.028,80.896
1.032,80.121
1.036,7.1492
1.04,67.251
1.044,-83
1.048,79.412
1.052,100.32
1.056,87.35
1.06,82.061
1.064,73.978
1.068,121.63
1.072,115.03
1.076,76.479
1.08,103.24
1.084,92.279
1.088,-36
1.092,104.6
1.096,102.6
1.1,108.22
1.104,140.04
1.108,89.735
1.112,73.399
1.116,73.075
1.12,141.9
1.124,124.52
1.128,131.78
1.132,111.52
1.136,117.55
1.14,124.77
1.144,129.1
1.148,128.65
1.152,117.89
1.156,107.33
1.16,119.42
1.164,124.05
1.168,120.28
1.172,145.99
1.176,120.41
1.18,133.06
1.184,130.43
1.188,152.04
1.192,141.3
1.196,135.38
1.2,133.98
1.204,98.57
1.208,166.64
1.212,153.46
1.216,149.64
1.22,138.28
1.224,152.78
1.228,155
1.232,118.61
1.236,170.95
1.24,169.09
1.244,151.67
1.248,175.9
1.252,174.12
1.256,154.63
1.26,159.63
1.264,173.11
1.268,169
1.272,160.06
1.276,179.47
1.28,180.86
1.284,189.74
1.288,173.98
1.292,196.61
1.296,154.01
1.3,212.48
1.304,219.89
1.308,233.61
1.312,183.18
1.316,181.21
1.32,221.95
1.324,178.87
1.328,207.59
1.332,216.96
1.336,196.37
1.34,210.88
1.344,187.24
1.348,205.93
1.352,209.08
1.356,227.95
1.36,224.91
1.364,227.64
1.368,249.8
1.372,219.63
1.376,215.41
1.38,239.08
1.384,238.79
1.388,216.76
1.392,228.41
1.396,249.48
1.4,258.29
1.404,260.23
1.408,236.56
1.412,255.75
1.416,229.49
1.42,225.83
1.424,251.25
1.428,235.44
1.432,270.65
1.436,238.03
1.44,260.16
1.444,268.75
1.448,253.26
1.452,234.1
1.456,260.27
1.46,277.03
1.464,297.33
1.468,285.4
1.472,262.18
1.476,264.68
1.48,255.12
1.484,258.96
1.488,277.99
1.492,262.83
1.496,266.6
1.5,282.3
1.504,284.66
1.508,275.9
1.512,299.23
1.516,293.43
1.52,296.72
1.524,294.28
1.528,254.6
1.532,289.39
1.536,286.07
1.54,291.26
1.544,270.51
1.548,284.24
1.552,290.45
1.556,278.94
1.56,293.98
1.564,294.28
1.568,288.57
1.572,297.61
1.576,301.72
1.58,319.84
1.584,291.53
1.588,307.1
1.592,289.91
1.596,304.91
1.6,303.83
1.604,295.28
1.608,287.35
1.612,308.91
1.616,302.99
1.62,316.5
1.624,311.04
1.628,302
1.632,307.13
1.636,298.63
1.64,309.08
1.644,326.29
1.648,291.79
1.652,322.67
1.656,348.49
1.66,316.74
1.664,314.11
1.668,319.3
1.672,304.03
1.676,317.8
1.68,324.3
1.684,308.63
1.688,354.77
1.692,327.44
1.696,281.57
1.7,321.1
1.704,330.1
1.708,310.72
1.712,329.13
1.716,296.92
1.72,299.4
1.724,334.49
1.728,332.03
1.732,331.4
1.736,301.42
1.74,331.42
1.744,327.15
1.748,298.62
1.752,334.52
1.756,331.91
1.76,322.57
1.764,332.54
1.768,319.08
1.772,304.97
1.776,355.83
1.78,330.12
1.784,333.14
1.788,374.84
1.792,342.06
1.796,322.27
1.8,355.36
1.804,335.9
1.808,347.12
1.812,348.71
1.816,372.31
1.82,340.64
1.824,322.14
1.828,348.77
1.832,331.19
1.836,329.57
1.84,340.43
1.844,322.06
1.848,343.84
1.852,337.83
1.856,371.21
1.86,336.53
1.864,376.5
1.868,351.1
1.872,347.18
1.876,341.41
1.88,361.55
1.884,372
1.888,354.4
1.892,350.57
1.896,314.12
1.9,162
1.904,345.07
1.908,340.69
1.912,342.19
1.916,349.96
1.92,360.73
1.924,359.4
1.928,366.18
1.932,599
1.936,365.36
1.94,347.08
1.944,360.93
1.948,377.59
1.952,355.07
1.956,344.26
1.96,361.28
1.964,368.85
1.968,368.48
1.972,339.33
1.976,356.63
1.98,321.62
1.984,351.99
1.988,372.36
1.992,360.36
1.996,349.65
2,343.76
2.004,339.41
2.008,349.27
2.012,349.75
2.016,342.06
2.02,360.51
2.024,363.23
2.028,366.98
2.032,362.82
2.036,362.71
2.04,344.16
2.044,324.2
2.048,338.94
2.052,333.87
2.056,340.47
2.06,335.79
2.064,321.35
2.068,364.26
2.072,353.18
2.076,340.8
2.08,322.73
2.084,360.29
2.088,364.53
2.092,355.67
2.096,349.42
2.1,325.94
2.104,328.9
2.108,323.15
2.112,330.46
2.116,324.05
2.12,330.61
2.124,331.09
2.128,342.29
2.132,320.9
2.136,337.43
2.14,343.5
2.144,342.32
2.148,350.55
2.152,338.51
2.156,345.71
2.16,327.93
2.164,332.86
2.168,335.96
2.172,308.3
2.176,341.29
2.18,307.13
2.184,311.94
2.188,315.46
2.192,297.3
2.196,302.53
2.2,322.79
2.204,315.5
2.208,283.23
2.212,281.77
2.216,321.92
2.22,269.99
2.224,307.1
2.228,311.21
2.232,302.83
2.236,294.06
2.24,300.46
2.244,280.05
2.248,273
2.252,279.18
2.256,321.04
2.26,280.82
2.264,303.61
2.268,288.28
2.272,276.63
2.276,290.79
2.28,261.34
2.284,266.03
2.288,296.2
2.292,305.54
2.296,277.41
2.3,241.22
2.304,246.58
2.308,267.39
2.312,262.9
2.316,285.02
2.32,254.34
2.324,276.04
2.328,252.64
2.332,255.07
2.336,268.47
2.34,267.98
2.344,255.68
2.348,244.07
2.352,240.29
2.356,253.75
2.36,241.72
2.364,259.8
2.368,218.47
2.372,241.59
2.376,235.5
2.38,225.88
2.384,231.18
2.388,257.06
2.392,237.83
2.396,237.45
2.4,224.44
2.404,216.71
2.408,255.79
2.412,198.42
2.416,212.02
2.42,226.31
2.424,188.55
2.428,201.37
2.432,220.93
2.436,236.91
2.44,183.97
2.444,227.57
2.448,243.85
2.452,225.51
2.456,226.09
2.46,182.81
2.464,200.99
2.468,226.24
2.472,199.01
2.476,178.72
2.48,-167
2.484,194.85
2.488,193.98
2.492,207.52
2.496,200.31
2.5,172.93
2.504,210.6
2.508,194.38
2.512,186.9
2.516,171.2
2.52,173.52
2.524,167.87
2.528,181.81
2.532,191.68
2.536,167.86
2.54,212.91
2.544,175.5
2.548,195.14
2.552,165.1
2.556,155.9
2.56,156.37
2.564,172.84
2.568,166.79
2.572,170.12
2.576,166.58
2.58,158.48
2.584,160.62
2.588,162.63
2.592,286
2.596,176.26
2.6,129.24
2.604,170.89
2.608,152.88
2.612,161.16
2.616,157.47
2.62,163.26
2.624,142.92
2.628,136.99
2.632,157.56
2.636,167
2.64,143.67
2.644,157.94
2.648,141.78
2.652,149.69
2.656,148.74
2.66,129.23
2.664,119.38
2.668,142.2
2.672,113.9
2.676,134.72
2.68,163.14
2.684,137.62
2.688,107.24
2.692,134.41
2.696,88.681
2.7,114.9
2.704,127.14
2.708,106.11
2.712,136.4
2.716,97.443
2.72,123.73
2.724,113.88
2.728,104.68
2.732,146.03
2.736,102.91
2.74,105.98
2.744,131.72
2.748,119.98
2.752,112.11
2.756,111.8
2.76,108.19
2.764,86.113
2.768,99.055
2.772,99.363
2.776,127.45
2.78,94.99
2.784,91.21
2.788,106.31
2.792,82.03
2.796,86.95
2.8,95.296
2.804,100.2
2.808,93.001
2.812,77.324
2.816,94.553
2.82,69.945
2.824,73.844
2.828,68.455
2.832,101.3
2.836,80.773
2.84,57.344
2.844,77.523
2.848,91.021
2.852,92.553
2.856,56.81
2.86,71.73
2.864,310
2.868,98.129
2.872,74.258
2.876,76.42
2.88,72.049
2.884,83.868
2.888,67.505
2.892,89.04
2.896,63.687
2.9,57.589
2.904,73.447
2.908,61.651
2.912,101.21
2.916,68.549
2.92,20.093
2.924,79.481
2.928,61.489
2.932,78.498
2.936,88.61
2.94,52.301
2.944,73.316
2.948,92.719
2.952,29.192
2.956,47.292
2.96,63.569
2.964,57.323
2.968,76.354
2.972,45.875
2.976,41.116
2.98,63.788
2.984,50.15
2.988,58.787
2.992,43.843
2.996,79.438
3,71.928
3.004,62.622
3.008,36.802
3.012,46.234
3.016,46.686
3.02,44.001
3.024,51.539
3.028,34.904
3.032,67.716
3.036,49.603
3.04,30.406
3.044,49.274
3.048,109
3.052,62.004
3.056,34.921
3.06,49.916
3.064,56.528
3.068,36.609
3.072,73.457
3.076,33.918
3.08,20.963
3.084,52.603
3.088,34.501
3.092,68.449
3.096,47.289
3.1,30.164
3.104,43.149
3.108,35.919
3.112,67.312
3.116,49.493
3.12,54.07
3.124,40.604
3.128,45.561
3.132,27.722
3.136,41.882
3.14,49.677
3.144,58.139
3.148,49.573
3.152,52.61
3.156,29.347
3.16,56.95
3.164,50.729
3.168,43.423
3.172,57.858
3.176,57.322
3.18,52.127
3.184,82.343
3.188,54.156
3.192,45.568
3.196,83.104
3.2,95.073
3.204,59.886
3.208,48.779
3.212,76.107
3.216,46.33
3.22,80.213
3.224,52.747
3.228,47.804
3.232,68.453
3.236,76.47
3.24,66.315
3.244,58.16
3.248,51.729
3.252,70.382
3.256,54.848
3.26,74.82
3.264,75.141
3.268,88.069
3.272,66.065
3.276,80.289
3.28,56.111
3.284,87.806
3.288,106.12
3.292,54.577
3.296,98.927
3.3,37.26
3.304,83.792
3.308,55.17
3.312,68.896
3.316,90.237
3.32,96.475
3.324,61.112
3.328,64.686
3.332,81.019
3.336,74.879
3.34,78.682
3.344,101.68
3.348,72.681
3.352,87.126
3.356,64.143
3.36,-253
3.364,106.72
3.368,106.03
3.372,94.719
3.376,117.16
3.38,109.28
3.384,97.344
3.388,88.81
3.392,105.98
3.396,95.292
3.4,99.697
3.404,115.89
3.408,110.52
3.412,120.26
3.416,89.293
3.42,125.36
3.424,127.54
3.428,97.497
3.432,113.72
3.436,0
3.44,143.37
3.444,138.64
3.448,95.318
3.452,131.46
3.456,122.98
3.46,130.1
3.464,493.72
3.468,148.63
3.472,158.86
3.476,519.91
3.48,158.18
3.484,111.5
3.488,114.28
3.492,140.58
3.496,153.57
3.5,113.35
3.504,113.91
3.508,131.78
3.512,150.6
3.516,143.63
3.52,153.82
3.524,98
3.528,125.83
3.532,159.15
3.536,141.04
3.54,160.03
3.544,180.02
3.548,168.57
3.552,148.65
3.556,163.58
3.56,141.9
3.564,156.2
3.568,168.09
3.572,186.5
3.576,158.75
3.58,170.61
3.584,176.92
3.588,201.07
3.592,171.71
3.596,180.65
3.6,158.11
3.604,202.54
3.608,161.31
3.612,158.18
3.616,168.33
3.62,179.21
3.624,172.72
3.628,188.91
3.632,170.85
3.636,201.3
3.64,177.2
3.644,172.91
3.648,195.69
3.652,207.56
3.656,191.75
3.66,187.63
3.664,222.29
3.668,192.43
3.672,192.08
3.676,207.82
3.68,194.82
3.684,214.73
3.688,217.71
3.692,212.9
3.696,214.5
3.7,205.73
3.704,238.17
3.708,222.94
3.712,228.69
3.716,205.74
3.72,207.64
3.724,241.62
3.728,200.56
3.732,205.26
3.736,213.33
3.74,211.65
3.744,235.52
3.748,230.87
3.752,208.16
3.756,255.89
3.76,237.7
3.764,245.38
3.768,226.23
3.772,231.75
3.776,252.92
3.78,238.87
3.784,243.98
3.788,235.29
3.792,240.9
3.796,249.54
3.8,235.98
3.804,247.47
3.808,251.29
3.812,232.9
3.816,244.65
3.82,268.8
3.824,240.09
3.828,258.98
3.832,237.75
3.836,273.94
3.84,265.05
3.844,280.12
3.848,264.63
3.852,276.51
3.856,254.67
3.86,292.66
3.864,243.52
3.868,278.67
3.872,270.22
3.876,286.44
3.88,267.42
3.884,313.74
3.888,290.48
3.892,268.62
3.896,306.94
3.9,293.57
3.904,292.46
3.908,279.43
3.912,316.33
3.916,285.7
3.92,281.44
3.924,322.05
3.928,302.41
3.932,278.77
3.936,285.06
3.94,301.78
3.944,312.78
3.948,271.71
3.952,314.77
3.956,320.74
3.96,315.04
3.964,304.94
3.968,323.64
3.972,319.22
3.976,301.31
3.98,349
3.984,298.37
3.988,310.31
3.992,320.96
3.996,319.68
4,352.55
4.004,339.77
4.008,339.7
4.012,329.65
4.016,303.83
4.02,331.04
4.024,320.97
4.028,326.24
4.032,353.25
4.036,362.21
4.04,316.52
4.044,330.06
4.048,312.87
4.052,350.23
4.056,346.9
4.06,319.54
4.064,359.56
4.068,347.91
4.072,365.42
4.076,338.52
4.08,355.1
4.084,309.08
4.088,344.25
4.092,350.76
4.096,337.09
4.1,358.48
4.104,351.48
4.108,336.89
4.112,367.81
4.116,339.74
4.12,371.47
4.124,349.12
4.128,354.29
4.132,373.32
4.136,354.68
4.14,364.68
4.144,347.4
4.148,357.29
4.152,361.06
4.156,364.68
4.16,320.99
4.164,357.21
4.168,366.16
4.172,362.48
4.176,347.41
4.18,345.74
4.184,370.82
4.188,358.84
4.192,323.99
4.196,363.77
4.2,363.94
4.204,355.48
4.208,380.36
4.212,333.28
4.216,371.81
4.22,358.09
4.224,354.67
4.228,349.96
4.232,360.71
4.236,359.85
4.24,364.24
4.244,352.79
4.248,370.24
4.252,388.02
4.256,321.84
4.26,352.26
4.264,369.73
4.268,325.83
4.272,360.01
4.276,365.24
4.28,360.41
4.284,364.96
4.288,358.06
4.292,365.75
4.296,353
4.3,365.43
4.304,338.47
4.308,335.42
4.312,351.87
4.316,348.38
4.32,324.69
4.324,367.45
4.328,337.03
4.332,365.69
4.336,354.73
4.34,358.48
4.344,326.3
4.348,341.43
4.352,353.8
4.356,345.93
4.36,341.03
4.364,356.64
4.368,343.85
4.372,369.06
4.376,360.35
4.38,359.03
4.384,340.34
4.388,358.82
4.392,371.85
4.396,367.03
4.4,335.79
4.404,331.97
4.408,333.09
4.412,336.28
4.416,323
4.42,317.91
4.424,310.77
4.428,333.17
4.432,350.51
4.436,309.46
4.44,322.03
4.444,323.43
4.448,323.03
4.452,317.85
4.456,599
4.46,320.49
4.464,307.24
4.468,329.01
4.472,322.48
4.476,309.45
4.48,305.54
4.484,306.9
4.488,311.31
4.492,299.32
4.496,291.41
4.5,316.96
4.504,305.08
4.508,347.72
4.512,316.55
4.516,315.63
4.52,351.9
4.524,308.18
4.528,296.11
4.532,304.89
4.536,302.6
4.54,289.4
4.544,321.13
4.548,310.05
4.552,296.02
4.556,657
4.56,302.56
4.564,299.2
4.568,295.47
4.572,314.16
4.576,302.07
4.58,301.09
4.584,277.32
4.588,307.95
4.592,296.6
4.596,265.01
4.6,289.74
4.604,284.01
4.608,285.9
4.612,328.95
4.616,260.24
4.62,282.03
4.624,281.54
4.628,276.73
4.632,268.45
4.636,266.65
4.64,277.78
4.644,261.88
4.648,271.03
4.652,263.96
4.656,272.38
4.66,265.24
4.664,239.97
4.668,269.09
4.672,260.81
4.676,268.17
4.68,282.16
4.684,269.47
4.688,266.33
4.692,247.69
4.696,236.9
4.7,248.7
4.704,266.46
4.708,246.58
4.712,240.3
4.716,276.47
4.72,240.66
4.724,251.69
4.728,248.6
4.732,236.05
4.736,255.26
4.74,235.24
4.744,241.12
4.748,222.61
4.752,219.26
4.756,250.11
4.76,254.89
4.764,208.5
4.768,228.64
4.772,239.21
4.776,240.59
4.78,219.38
4.784,265.55
4.788,205.26
4.792,238.83
4.796,218.68
4.8,209.17
4.804,184.46
4.808,226.36
4.812,216.6
4.816,209.57
4.82,221.46
4.824,212.51
4.828,217.99
4.832,492
4.836,198.56
4.84,190.87
4.844,199.23
4.848,206.56
4.852,191.19
4.856,198.13
4.86,186.04
4.864,203.85
4.868,187.25
4.872,166.82
4.876,182.94
4.88,173.51
4.884,193.84
4.888,179.22
4.892,176.33
4.896,182.99
4.9,194.11
4.904,158.13
4.908,144.46
4.912,189.87
4.916,195.3
4.92,153.11
4.924,155.46
4.928,155.35
4.932,139.7
4.936,139.41
4.94,186.52
4.944,169.8
4.948,196.26
4.952,147.32
4.956,138.94
4.96,155.01
4.964,148.56
4.968,131.31
4.972,137.84
4.976,149.53
4.98,143.68
4.984,156.08
4.988,111.05
4.992,129.64
4.996,136.59
5,123.47
5.004,155.36
5.008,130.05
5.012,153.9
5.016,126.08
5.02,92.19
5.024,134.37
5.028,134.15
5.032,126.02
5.036,96.511
5.04,103.93
5.044,120.47
5.048,119.59
5.052,122.02
5.056,97.965
5.06,110.73
5.064,112.71
5.068,110.63
5.072,91.697
5.076,112.94
5.08,97.499
5.084,110.75
5.088,95.102
5.092,84.744
5.096,127.95
5.1,86.331
5.104,71.303
5.108,67.328
5.112,74.333
5.116,99.641
5.12,87.455
5.124,84.501
5.128,87.757
5.132,107.76
5.136,79.494
5.14,62.924
5.144,72.058
5.148,38
5.152,56.347
5.156,96.041
5.16,97.328
5.164,72.385
5.168,77.744
5.172,74.086
5.176,105.6
5.18,60.884
5.184,65.144
5.188,74.25
5.192,74.195
5.196,69.772
5.2,86.293
5.204,63.498
5.208,69.337
5.212,47.819
5.216,59.065
5.22,86.271
5.224,35.543
5.228,40.047
5.232,67.975
5.236,56.143
5.24,49.377
5.244,52.014
5.248,56.105
5.252,69.647
5.256,62.812
5.26,57.117
5.264,76.109
5.268,54.584
5.272,52.307
5.276,70.796
5.28,62.951
5.284,57.961
5.288,63.712
5.292,68.175
5.296,54.927
5.3,50.914
5.304,61.053
5.308,86.651
5.312,53.046
5.316,55.622
5.32,60.239
5.324,70.092
5.328,65.669
5.332,75.531
5.336,41.982
5.34,51.568
5.344,82.887
5.348,85.046
5.352,61.103
5.356,77.303
5.36,34.806
5.364,68.001
5.368,65.061
5.372,62.256
5.376,69.199
5.38,52.005
5.384,59.099
5.388,50.29
5.392,50.979
5.396,53.908
5.4,57.439
5.404,65.588
5.408,32.165
5.412,62.771
5.416,42.746
5.42,21.63
5.424,13.364
5.428,29.948
5.432,29.795
5.436,60.106
5.44,72.694
5.444,56.38
5.448,89.917
5.452,82.961
5.456,65.083
5.46,61.891
5.464,70.886
5.468,36.764
5.472,52.323
5.476,31.395
5.48,73.012
5.484,53.003
5.488,73.297
5.492,50.403
5.496,45.569
5.5,72.474
5.504,30.818
5.508,41.837
5.512,51.548
5.516,63.759
5.52,51.805
5.524,78.742
5.528,53.094
5.532,49.917
5.536,72.334
5.54,22.462
5.544,57.124
5.548,59.192
5.552,64.366
5.556,67.711
5.56,50.484
5.564,42.706
5.568,74.332
5.572,74.797
5.576,63.891
5.58,92.467
5.584,62.613
5.588,51.441
5.592,74.639
5.596,79.615
5.6,50.686
5.604,54.427
5.608,84.811
5.612,58.247
5.616,57.102
5.62,88.269
5.624,72.305
5.628,38.589
5.632,50.623
5.636,51.396
5.64,69.756
5.644,89.146
5.648,67.613
5.652,88.255
5.656,94.514
5.66,225
5.664,69.748
5.668,83.333
5.672,56.76
5.676,74.802
5.68,76.523
5.684,76.33
5.688,67.503
5.692,62.84
5.696,64.351
5.7,108.89
5.704,95.834
5.708,74.143
5.712,91.271
5.716,93.513
5.72,100.52
5.724,109.44
5.728,89.067
5.732,333
5.736,118.64
5.74,84.738
5.744,102.43
5.748,88.16
5.752,96.201
5.756,113.97
5.76,89.696
5.764,111.93
5.768,110.78
5.772,79.796
5.776,104.19
5.78,87.566
5.784,114.97
5.788,130.24
5.792,92.611
5.796,93.858
5.8,93.714
5.804,134.81
5.808,141.83
5.812,129.76
5.816,111.59
5.82,117.44
5.824,132.21
5.828,140.23
5.832,137.46
5.836,165.93
5.84,146.03
5.844,138.62
5.848,157.8
5.852,139.72
5.856,137.32
5.86,157.33
5.864,118.71
5.868,160.84
5.872,150.34
5.876,175.94
5.88,149.32
5.884,129.65
5.888,150.46
5.892,164.73
5.896,129.22
5.9,159.2
5.904,184.35
5.908,170.82
5.912,143.74
5.916,143.37
5.92,168.31
5.924,149
5.928,142.01
5.932,154.13
5.936,173.96
5.94,165.29
5.944,168.59
5.948,162.15
5.952,170.99
5.956,204.85
5.96,179.87
5.964,170.61
5.968,196.41
5.972,149.68
5.976,203.5
5.98,164.81
5.984,199.3
5.988,173.38
5.992,207.09
5.996,185.81
6,207.88
6.004,202.96
6.008,201.94
6.012,195.03
6.016,186.25
6.02,197.38
6.024,204.6
6.028,207.82
6.032,248.85
6.036,227.32
6.04,233.07
6.044,233.25
6.048,252.87
6.052,228.61
6.056,211.71
6.06,221.51
6.064,212.96
6.068,220.49
6.072,244.08
6.076,207.25
6.08,220.37
6.084,241.9
6.088,258.2
6.092,248.13
6.096,228.81
6.1,253.77
6.104,238.29
6.108,247.26
6.112,266.44
6.116,276.04
6.12,261.29
6.124,271.85
6.128,232.42
6.132,268.38
6.136,287.4
6.14,261.55
6.144,322
6.148,238.82
6.152,268.82
6.156,280.8
6.16,259.22
6.164,269.69
6.168,270.82
6.172,255.54
6.176,247.93
6.18,281.06
6.184,277.18
6.188,297.73
6.192,270.92
6.196,260.95
6.2,290.75
6.204,282.1
6.208,310.82
6.212,283.41
6.216,271.88
6.22,292
6.224,303.78
6.228,290.28
6.232,281.59
6.236,286.29
6.24,306.83
6.244,303.54
6.248,281.96
6.252,296.4
6.256,277.23
6.26,298.68
6.264,304.21
6.268,297.6
6.272,292.12
6.276,294.77
6.28,307.54
6.284,305.2
6.288,311.65
6.292,293.91
6.296,329.48
6.3,309.23
6.304,282.76
6.308,292.49
6.312,297.95
6.316,324.9
6.32,316.82
6.324,342.34
6.328,330.8
6.332,319.16
6.336,301.27
6.34,290.06
6.344,338.11
6.348,326.63
6.352,316.86
6.356,319.84
6.36,296.24
6.364,28
6.368,304.94
6.372,314.21
6.376,319.04
6.38,317.19
6.384,356.14
6.388,335.84
6.392,324.04
6.396,329.48
6.4,321.77
6.404,352.89
6.408,336.28
6.412,311.08
6.416,337.82
6.42,339.17
6.424,327.48
6.428,340.36
6.432,343.23
6.436,339.21
6.44,340.84
6.444,326.47
6.448,345.1
6.452,345.11
6.456,331.8
6.46,337.49
6.464,332.3
6.468,353.26
6.472,333.14
6.476,315.65
6.48,359.56
6.484,357.91
6.488,331.73
6.492,286.91
6.496,365.97
6.5,344.6
6.504,328.64
6.508,347.59
6.512,336.46
6.516,345.8
6.52,351.2
6.524,348.64
6.528,309.63
6.532,346.4
6.536,364.08
6.54,363.97
6.544,347.34
6.548,342.44
6.552,349.03
6.556,343.75
6.56,324.82
6.564,361.13
6.568,353.72
6.572,342.16
6.576,344.06
6.58,335.03
6.584,349.66
6.588,348.45
6.592,346.19
6.596,344.16
6.6,359.76
6.604,350.12
6.608,333.64
6.612,319.95
6.616,345.78
6.62,327.82
6.624,362.49
6.628,328.61
6.632,351.3
6.636,352.62
6.64,358.85
6.644,344.35
6.648,343.61
6.652,344.71
6.656,385.66
6.66,326.76
6.664,344.2
6.668,324.3
6.672,357.81
6.676,334.4
6.68,330.73
6.684,356.55
6.688,315.6
6.692,344.03
6.696,321.53
6.7,343.56
6.704,322.61
6.708,355.95
6.712,346.71
6.716,341.27
6.72,354.2
6.724,356.01
6.728,324.66
6.732,337.98
6.736,370.19
6.74,337.36
6.744,348.16
6.748,327.41
6.752,329.62
6.756,359.2
6.76,337.07
6.764,334.47
6.768,348.74
6.772,354.32
6.776,365.65
6.78,347.3
6.784,328.37
6.788,341.14
6.792,352.33
6.796,342.52
6.8,362.81
6.804,344.14
6.808,338.24
6.812,300.66
6.816,339.54
6.82,325.79
6.824,343.36
6.828,325.95
6.832,494
6.836,344.77
6.84,310.93
6.844,324.43
6.848,299.41
6.852,334.35
6.856,307.86
6.86,315.06
6.864,306.18
6.868,315.09
6.872,337.99
6.876,312.85
6.88,287.36
6.884,313.65
6.888,308.31
6.892,305.8
6.896,308.02
6.9,309.19
6.904,313.78
6.908,277.22
6.912,278.05
6.916,324.1
6.92,292.06
6.924,286.1
6.928,298.37
6.932,300.39
6.936,258.91
6.94,276.62
6.944,289.5
6.948,300.77
6.952,268.17
6.956,308.11
6.96,262.64
6.964,251.15
6.968,279.41
6.972,266.93
6.976,248.97
6.98,268.72
6.984,268.55
6.988,258.21
6.992,267.78
6.996,237.38
7,280.2
7.004,253.2
7.008,242.59
7.012,366
7.016,235.83
7.02,258.21
7.024,234.89
7.028,256.22
7.032,246.69
7.036,244.45
7.04,227.12
7.044,249.58
7.048,269.97
7.052,253.69
7.056,235.3
7.06,238.38
7.064,217.17
7.068,216.82
7.072,227.39
7.076,226.65
7.08,224.27
7.084,231.84
7.088,214.54
7.092,221.99
7.096,237.93
7.1,232.05
7.104,198.52
7.108,213.39
7.112,185.19
7.116,206.42
7.12,223.74
7.124,212.02
7.128,205.56
7.132,231.02
7.136,196.49
7.14,209.4
7.144,195.47
7.148,206.97
7.152,186.44
7.156,207.94
7.16,186.63
7.164,173.23
7.168,181.36
7.172,195.4
7.176,194.26
7.18,194.15
7.184,235
7.188,216.38
7.192,165.69
7.196,203.58
7.2,167.53
7.204,210.57
7.208,151.92
7.212,196.75
7.216,164.41
7.22,135.85
7.224,168.66
7.228,162.79
7.232,177.8
7.236,148.64
7.24,170.77
7.244,185.5
7.248,177.22
7.252,180.33
7.256,154.66
7.26,150.54
7.264,164.74
7.268,151.07
7.272,155.97
7.276,185.14
7.28,137.57
7.284,155.59
7.288,138.33
7.292,149.97
7.296,152.64
7.3,155.72
7.304,160.83
7.308,167.04
7.312,144.49
7.316,169.71
7.32,123.91
7.324,149.59
7.328,123.02
7.332,151.1
7.336,135.23
7.34,108.54
7.344,127.36
7.348,108.19
7.352,121.55
7.356,156.29
7.36,498
7.364,145.03
7.368,142.34
7.372,125.59
7.376,139.77
7.38,153.34
7.384,116.95
7.388,105.54
7.392,105.92
7.396,118.46
7.4,108.33
7.404,131.54
7.408,81.233
7.412,124.99
7.416,115.17
7.42,96.054
7.424,110.19
7.428,89.766
7.432,110.56
7.436,132.68
7.44,111.22
7.444,109.58
7.448,131.88
7.452,89.38
7.456,107.98
7.46,82.274
7.464,121.12
7.468,97.055
7.472,115.36
7.476,86.227
7.48,87.951
7.484,100.93
7.488,95.321
7.492,101.64
7.496,100.87
7.5,114.34
7.504,72.207
7.508,81.431
7.512,124.85
7.516,90.829
7.52,69.589
7.524,77.52
7.528,107.3
7.532,73.639
7.536,82.991
7.54,78.319
7.544,44.154
7.548,88.256
7.552,83.395
7.556,81.343
7.56,80.98
7.564,74.697
7.568,47.569
7.572,45.536
7.576,89.64
7.58,94.448
7.584,93.188
7.588,61.975
7.592,76.071
7.596,87.737
7.6,56.093
7.604,51.918
7.608,25.608
7.612,62.513
7.616,51.352
7.62,73.33
7.624,-199
7.628,66.924
7.632,90.619
7.636,45.345
7.64,47.862
7.644,69.89
7.648,-34
7.652,45.696
7.656,56.08
7.66,51.602
7.664,50.844
7.668,43.631
7.672,62.833
7.676,65.344
7.68,61.756
7.684,94.083
7.688,54.151
7.692,34.385
7.696,53.221
7.7,52.91
7.704,72.027
7.708,45.474
7.712,56.116
7.716,39.478
7.72,54.188
7.724,36.556
7.728,59.717
7.732,56.651
7.736,48.162
7.74,47.022
7.744,48.557
7.748,32.219
7.752,47.734
7.756,33.741
7.76,58.384
7.764,17.497
7.768,69.472
7.772,31.559
7.776,33.633
7.78,29.421
7.784,69.211
7.788,41.125
7.792,38.854
7.796,56.453
7.8,56.261
7.804,45.074
7.808,35.359
7.812,60.752
7.816,23.14
7.82,24.338
7.824,69.13
7.828,7.9757
7.832,34.295
7.836,35.184
7.84,50.844
7.844,35.476
7.848,57.203
7.852,33.129
7.856,48.384
7.86,51.261
7.864,68.685
7.868,39.914
7.872,54.26
7.876,45.291
7.88,49.182
7.884,49.693
7.888,57.589
7.892,50.977
7.896,39.911
7.9,71.238
7.904,46.99
7.908,44.395
7.912,64.106
7.916,88.245
7.92,75.185
7.924,78.778
7.928,62.805
7.932,57.025
7.936,86.878
7.94,72.436
7.944,74.181
7.948,98.291
7.952,75.353
7.956,80.806
7.96,70.672
7.964,87.16
7.968,93.523
7.972,60.023
7.976,84.247
7.98,111.88
7.984,94.962
7.988,105.82
7.992,85.427
7.996,117.73
8,85.926
8.004,45.089
8.008,86.234
8.012,95.226
8.016,78.434
8.02,90.385
8.024,94.359
8.028,111.86
8.032,90.144
8.036,107.42
8.04,103.97
8.044,118.08
8.048,71.352
8.052,99.635
8.056,96.257
8.06,99.04
8.064,94.076
8.068,92.98
8.072,120.04
8.076,110.42
8.08,108.37
8.084,90.847
8.088,133.98
8.092,136.21
8.096,138.99
8.1,125.99
8.104,95.652
8.108,123.86
8.112,133.53
8.116,103.69
8.12,225
8.124,115.59
8.128,132.43
8.132,143.05
8.136,133.2
8.14,157.08
8.144,127.12
8.148,130.89
8.152,137.4
8.156,119.62
8.16,118.44
8.164,121.33
8.168,140.43
8.172,146.88
8.176,120.02
8.18,178.15
8.184,152.33
8.188,154.53
8.192,143.06
8.196,148.63
8.2,123.65
8.204,146.77
8.208,168.76
8.212,144.35
8.216,156.14
8.22,132.8
8.224,139.1
8.228,158.43
8.232,151.11
8.236,160.11
8.24,145.04
8.244,172.6
8.248,131.36
8.252,141.02
8.256,189.95
8.26,157.89
8.264,177.75
8.268,175.04
8.272,161.31
8.276,172.46
8.28,166.47
8.284,204.62
8.288,168.81
8.292,183.06
8.296,199.68
8.3,185.36
8.304,176.06
8.308,206.2
8.312,180.12
8.316,207.29
8.32,206.51
8.324,172.57
8.328,209.33
8.332,205.43
8.336,194.32
8.34,216.61
8.344,190.37
8.348,196.98
8.352,192.75
8.356,198.5
8.36,203.09
8.364,213.14
8.368,209.12
8.372,215.38
8.376,215.37
8.38,225.11
8.384,214.8
8.388,205.09
8.392,225.76
8.396,209.31
8.4,213.82
8.404,204.89
8.408,223.08
8.412,207.06
8.416,275.45
8.42,198.31
8.424,234.56
8.428,209.78
8.432,549
8.436,238.93
8.44,227.81
8.444,235.03
8.448,226.15
8.452,244.64
8.456,237.32
8.46,220.66
8.464,207.44
8.468,244.93
8.472,230.42
8.476,255.94
8.48,244.13
8.484,253.16
8.488,226.32
8.492,240.55
8.496,255.3
8.5,238.61
8.504,270.45
8.508,264.19
8.512,254.18
8.516,238.17
8.52,269.49
8.524,270.24
8.528,277.89
8.532,249.31
8.536,278.69
8.54,267.55
8.544,285.93
8.548,293.33
8.552,273.02
8.556,269.92
8.56,281.83
8.564,289.35
8.568,257.84
8.572,289.06
8.576,281.35
8.58,252.6
8.584,292.05
8.588,284.02
8.592,272.81
8.596,305.78
8.6,296.39
8.604,287.31
8.608,281.32
8.612,308.61
8.616,288.59
8.62,300.97
8.624,277.15
8.628,308.9
8.632,334.25
8.636,279.65
8.64,306.41
8.644,308.34
8.648,295.99
8.652,295.91
8.656,300
8.66,305.66
8.664,293.23
8.668,319.73
8.672,326.73
8.676,303.59
8.68,315.94
8.684,304.68
8.688,312.17
8.692,299.05
8.696,318.29
8.7,333.9
8.704,350.9
8.708,334.87
8.712,326.04
8.716,334.6
8.72,327
8.724,319.54
8.728,347.29
8.732,316.65
8.736,333.01
8.74,341.8
8.744,319.02
8.748,321.3
8.752,352.14
8.756,358.9
8.76,345.39
8.764,307.08
8.768,356.91
8.772,337.42
8.776,350.15
8.78,335.18
8.784,327.91
8.788,344.46
8.792,334.6
8.796,351.47
8.8,352.37
8.804,353.83
8.808,348.06
8.812,369.78
8.816,344.08
8.82,353.84
8.824,335.23
8.828,353.78
8.832,328.77
8.836,331.44
8.84,332.63
8.844,330.51
8.848,349.06
8.852,337.47
8.856,346.82
8.86,342.88
8.864,323.74
8.868,330.29
8.872,335.89
8.876,377.26
8.88,335.76
8.884,360.91
8.888,344.93
8.892,338.93
8.896,361.67
8.9,358.68
8.904,363.52
8.908,324.37
8.912,335.59
8.916,374.02
8.92,334.47
8.924,347.19
8.928,351.97
8.932,344.86
8.936,367.5
8.94,358.54
8.944,339.02
8.948,339.95
8.952,328.78
8.956,348.64
8.96,330.8
8.964,343.22
8.968,335.51
8.972,337.38
8.976,317.21
8.98,365.17
8.984,342.3
8.988,349.31
8.992,350.69
8.996,336.94
9,363.94
9.004,358.34
9.008,345.98
9.012,354.7
9.016,320.09
9.02,360.82
9.024,348.26
9.028,336.49
9.032,325.02
9.036,323.67
9.04,328.87
9.044,322.4
9.048,338.49
9.052,340.8
9.056,324.32
9.06,369.22
9.064,328.36
9.068,318.4
9.072,331.64
9.076,303.14
9.08,352.13
9.084,324.86
9.088,305.01
9.092,307.52
9.096,315.13
9.1,311.4
9.104,334.07
9.108,332.69
9.112,324.45
9.116,302.58
9.12,317.97
9.124,322.72
9.128,321.09
9.132,325.66
9.136,346.07
9.14,292.39
9.144,329.19
9.148,290.8
9.152,332.62
9.156,312.4
9.16,303.46
9.164,303.49
9.168,313.32
9.172,294.11
9.176,293.24
9.18,307.08
9.184,306.13
9.188,295.31
9.192,300.29
9.196,292.64
9.2,310.77
9.204,291.04
9.208,288.53
9.212,296.38
9.216,303.28
9.22,299.05
9.224,257.53
9.228,311.96
9.232,273.91
9.236,300.64
9.24,296.47
9.244,271.61
9.248,301.47
9.252,300.21
9.256,285.23
9.26,282.39
9.264,268.05
9.268,273.47
9.272,297.69
9.276,288.76
9.28,265.97
9.284,255.46
9.288,274.56
9.292,270.38
9.296,246.16
9.3,287.67
9.304,263.21
9.308,224.2
9.312,266.9
9.316,273
9.32,257.38
9.324,246.26
9.328,279.53
9.332,246.79
9.336,250.58
9.34,270.61
9.344,271.12
9.348,278.06
9.352,251.18
9.356,267.57
9.36,242.35
9.364,240.16
9.368,265.71
9.372,228.54
9.376,242.84
9.38,255.77
9.384,240.5
9.388,241.33
9.392,233.3
9.396,211.83
9.4,249.61
9.404,233.2
9.408,210.15
9.412,243.65
9.416,221.52
9.42,221.1
9.424,230.87
9.428,221.25
9.432,220.23
9.436,211.44
9.44,226.65
9.444,251.62
9.448,199.73
9.452,200.6
9.456,252.53
9.46,242.92
9.464,223.75
9.468,217.22
9.472,222.21
9.476,195.96
9.48,231.8
9.484,233.88
9.488,202.38
9.492,183.19
9.496,261.5
9.5,197.68
9.504,199.15
9.508,217.09
9.512,212.57
9.516,193.56
9.52,175.35
9.524,183.04
9.528,178.86
9.532,167.9
9.536,195.48
9.54,197.27
9.544,167.6
9.548,194.2
9.552,168.2
9.556,167.96
9.56,171.56
9.564,158.47
9.568,154.47
9.572,159.11
9.576,178.46
9.58,157.25
9.584,182.62
9.588,171.41
9.592,155.24
9.596,148.3
9.6,154.56
9.604,167.65
9.608,157.82
9.612,159
9.616,156.84
9.62,154.5
9.624,133.18
9.628,135.57
9.632,155.79
9.636,143.76
9.64,124.37
9.644,139.73
9.648,123.67
9.652,136.94
9.656,147.32
9.66,116.57
9.664,154.15
9.668,152.55
9.672,135.02
9.676,121.77
9.68,125.98
9.684,114.05
9.688,139.73
9.692,118.36
9.696,134.58
9.7,98.629
9.704,138.42
9.708,129.44
9.712,116.46
9.716,118.52
9.72,117.7
9.724,126.54
9.728,141.04
9.732,117.93
9.736,93.067
9.74,90.087
9.744,105.23
9.748,104.33
9.752,111.24
9.756,109.05
9.76,96.642
9.764,127.3
9.768,109.04
9.772,108.72
9.776,104.62
9.78,89.532
9.784,100.96
9.788,91.927
9.792,106.65
9.796,83.284
9.8,117.33
9.804,105.88
9.808,67.359
9.812,72.844
9.816,60.904
9.82,59.658
9.824,79.236
9.828,78.646
9.832,104.56
9.836,102.98
9.84,50.962
9.844,83.364
9.848,70.606
9.852,62.74
9.856,95.102
9.86,71.922
9.864,90.554
9.868,67.906
9.872,57.051
9.876,70.718
9.88,57.895
9.884,69.722
9.888,62.419
9.892,-64
9.896,77.693
9.9,59.692
9.904,72.371
9.908,80.853
9.912,49.423
9.916,29.115
9.92,47.329
9.924,53.69
9.928,69.964
9.932,71.548
9.936,85.989
9.94,50.263
9.944,80.345
9.948,49.962
9.952,29.408
9.956,46.469
9.96,42.249
9.964,36.476
9.968,73.516
9.972,82.022
9.976,348
9.98,83.979
9.984,58.206
9.988,25.501
9.992,63.825
9.996,62.528
10,68.239
10.004,92.815
10.008,38.671
10.012,38.618
10.016,42.361
10.02,41.193
10.024,37.213
10.028,52.594
10.032,58.984
10.036,59.53
10.04,81.1
10.044,47.56
10.048,65.197
10.052,74.47
10.056,43.189
10.06,68.926
10.064,56.57
10.068,45.408
10.072,65.792
10.076,41.34
10.08,61.515
10.084,45.337
10.088,103.42
10.092,60.858
10.096,70.501
10.1,45.72
10.104,23.673
10.108,67.489
10.112,53.601
10.116,93.703
10.12,59.947
10.124,24.919
10.128,49.836
10.132,75.29
10.136,56.298
10.14,50.469
10.144,35.213
10.148,77.655
10.152,78.65
10.156,59.03
10.16,59.696
10.164,47.561
10.168,40.797
10.172,69.439
10.176,62.982
10.18,32.782
10.184,57.365
10.188,48.517
10.192,74.728
10.196,97.774
10.2,58.952
10.204,71.307
10.208,54.108
10.212,52.571
10.216,415
10.22,70.533
10.224,74.783
10.228,59.102
10.232,50.929
10.236,66.802
10.24,63.478
10.244,74.566
10.248,85.551
10.252,65.558
10.256,94.308
10.26,42.562
10.264,86.33
10.268,75.888
10.272,67.479
10.276,57.277
10.28,84.153
10.284,75.89
10.288,92.185
10.292,41.344
10.296,98.652
10.3,112.06
10.304,102.63
10.308,110.3
10.312,93.454
10.316,90.945
10.32,79.161
10.324,78.786
10.328,68.807
10.332,93.285
10.336,80.133
10.34,54.426
10.344,107.4
10.348,80.657
10.352,79.033
10.356,86.601
10.36,84.711
10.364,86.933
10.368,82.086
10.372,102.81
10.376,105.55
10.38,98.004
10.384,119.44
10.388,80.482
10.392,106.54
10.396,111.58
10.4,110.8
10.404,97.164
10.408,99.74
10.412,66.068
10.416,118.69
10.42,98.864
10.424,118.33
10.428,122.94
10.432,99.587
10.436,117
10.44,89.248
10.444,127.94
10.448,116.41
10.452,93.868
10.456,110.55
10.46,122.72
10.464,109.79
10.468,128.25
10.472,147.84
10.476,118.59
10.48,98.398
10.484,134.74
10.488,120.98
10.492,120.92
10.496,159.07
10.5,155.1
10.504,144.42
10.508,122.92
10.512,134.31
10.516,141.27
10.52,120
10.524,100.11
10.528,173.37
10.532,145.58
10.536,110.6
10.54,139.59
10.544,146.41
10.548,172.73
10.552,148.51
10.556,135.18
10.56,155.28
10.564,158.27
10.568,143.83
10.572,156.4
10.576,149.9
10.58,150.37
10.584,182.26
10.588,149.4
10.592,169.8
10.596,186.56
10.6,166.34
10.604,177.22
10.608,170.97
10.612,176.94
10.616,196.66
10.62,182.09
10.624,184.21
10.628,191.92
10.632,221.72
10.636,187.92
10.64,175.17
10.644,184.91
10.648,173.37
10.652,178.8
10.656,202.21
10.66,170.17
10.664,203.67
10.668,176.54
10.672,184.36
10.676,216.47
10.68,184.07
10.684,196.95
10.688,219.31
10.692,219.27
10.696,235.64
10.7,216.49
10.704,237.35
10.708,208.36
10.712,201.08
10.716,211.7
10.72,209.35
10.724,195.5
10.728,221.58
10.732,236.87
10.736,235.05
10.74,238.62
10.744,240.37
10.748,233.57
10.752,253.94
10.756,239.83
10.76,241.22
10.764,255.1
10.768,250.8
10.772,222.92
10.776,242.92
10.78,268.54
10.784,268.95
10.788,224.24
10.792,233.55
10.796,234.66
10.8,250.02
10.804,281.64
10.808,267.53
10.812,246.76
10.816,235.08
10.82,241.91
10.824,279.28
10.828,268.77
10.832,266.83
10.836,238.88
10.84,268.9
10.844,296.42
10.848,261.54
10.852,303.17
10.856,273.92
10.86,273.91
10.864,281.6
10.868,275.06
10.872,296.39
10.876,277.71
10.88,289.19
10.884,276.31
10.888,254.51
10.892,282.92
10.896,291.84
10.9,282.44
10.904,305.33
10.908,276.64
10.912,302.19
10.916,276.43
10.92,277.16
10.924,296.15
10.928,273.52
10.932,310.08
10.936,301.87
10.94,277.66
10.944,293.57
10.948,299.53
10.952,283.72
10.956,284.1
10.96,305.15
10.964,289.95
10.968,295.01
10.972,310.34
10.976,300.27
10.98,287.59
10.984,272.06
10.988,317.73
10.992,317.13
10.996,297.43
11,301.51
11.004,313.97
11.008,306.12
11.012,296.37
11.016,335.02
11.02,295.54
11.024,309.23
11.028,330.63
11.032,314.82
11.036,321.83
11.04,313.79
11.044,294.87
11.048,119
11.052,345.04
11.056,333.62
11.06,343.77
11.064,609
11.068,303.76
11.072,327.67
11.076,322.69
11.08,316.77
11.084,313.37
11.088,313.07
11.092,353.27
11.096,340.35
11.1,326.43
11.104,329.82
11.108,328.84
11.112,324.8
11.116,336.01
11.12,307.44
11.124,337.21
11.128,333.88
11.132,333.61
11.136,324.51
11.14,352.63
11.144,919.67
11.148,308.36
11.152,329.79
11.156,317.82
11.16,332.52
11.164,346.05
11.168,326.08
11.172,341.5
11.176,332.37
11.18,317.95
11.184,357.71
11.188,349.25
11.192,335.72
11.196,327.33
11.2,325.04
11.204,322.15
11.208,305.36
11.212,328.71
11.216,332.06
11.22,329.69
11.224,351.7
11.228,352.77
11.232,325.79
11.236,349.42
11.24,322.25
11.244,346.32
11.248,319.32
11.252,175
11.256,320.58
11.26,318.47
11.264,348.84
11.268,331.86
11.272,340.06
11.276,350.27
11.28,347.93
11.284,309.59
11.288,342.66
11.292,301.99
11.296,339.71
11.3,349.09
11.304,321.79
11.308,331.46
11.312,341.17
11.316,329.38
11.32,310.26
11.324,318.49
11.328,309.94
11.332,299.06
11.336,348.51
11.34,306.97
11.344,324.48
11.348,323.99
11.352,290.2
11.356,303.97
11.36,334.18
11.364,320.53
11.368,322.2
11.372,343.98
11.376,319.87
11.38,324.01
11.384,329.37
11.388,326.54
11.392,321.9
11.396,333.21
11.4,317.94
11.404,296.34
11.408,344.09
11.412,324.75
11.416,305.55
11.42,350
11.424,329.92
11.428,317.53
11.432,337.06
11.436,325.38
11.44,317.05
11.444,316.45
11.448,310.34
11.452,330.87
11.456,324.84
11.46,332.73
11.464,338.27
11.468,314.07
11.472,302.93
11.476,316.53
11.48,223
11.484,301.45
11.488,317.74
11.492,299.85
11.496,310.72
11.5,318.54
11.504,308.85
11.508,311.53
11.512,333.16
11.516,295.14
11.52,292.39
11.524,291.69
11.528,288.53
11.532,284.06
11.536,285.39
11.54,328.54
11.544,286.04
11.548,322.78
11.552,275.37
11.556,289.4
11.56,291.57
11.564,285.16
11.568,296.57
11.572,290.96
11.576,270.63
11.58,272.2
11.584,271.83
11.588,302.37
11.592,288.74
11.596,307.27
11.6,264.45
11.604,291.88
11.608,260.99
11.612,266.54
11.616,261.57
11.62,289.07
11.624,285.09
11.628,247.2
11.632,261.99
11.636,267.52
11.64,244.41
11.644,251.96
11.648,256.4
11.652,252.68
11.656,230.29
11.66,256.48
11.664,269.33
11.668,237.97
11.672,273.36
11.676,236.01
11.68,237.82
11.684,249.66
11.688,246.36
11.692,256.17
11.696,266.85
11.7,237.46
11.704,256.04
11.708,236.72
11.712,232.91
11.716,72
11.72,231.3
11.724,209.84
11.728,222.61
11.732,241.2
11.736,229.65
11.74,213.57
11.744,237
11.748,224.91
11.752,207.82
11.756,229.71
11.76,213.5
11.764,218.68
11.768,188.01
11.772,194.8
11.776,195.06
11.78,181.93
11.784,238.9
11.788,231.17
11.792,230.38
11.796,212.7
11.8,217.72
11.804,179.24
11.808,205.31
11.812,221.76
11.816,198.28
11.82,187.66
11.824,188.45
11.828,169.78
11.832,160.68
11.836,204
11.84,165.47
11.844,163.53
11.848,178.09
11.852,180.9
11.856,209.81
11.86,155.32
11.864,170.95
11.868,165.15
11.872,187.01
11.876,165.15
11.88,165.29
11.884,186.81
11.888,169.65
11.892,177.36
11.896,159.4
11.9,181.98
11.904,149.06
11.908,152.88
11.912,139.72
11.916,144.25
11.92,167.9
11.924,158.15
11.928,147.35
11.932,163.56
11.936,167.76
11.94,163.21
11.944,175.43
11.948,130.81
11.952,120.45
11.956,140.66
11.96,145.54
11.964,127.45
11.968,129.22
11.972,137.51
11.976,151.96
11.98,131.78
11.984,134.72
11.988,131.01
11.992,113.06
11.996,130.15
12,154.96
12.004,131.16
12.008,131.64
12.012,149.84
12.016,103.32
12.02,124.56
12.024,110.15
12.028,141.78
12.032,126.83
12.036,137.75
12.04,115.22
12.044,94.733
12.048,122.61
12.052,123.83
12.056,136.51
12.06,144.1
12.064,117.25
12.068,128.89
12.072,108.59
12.076,158.33
12.08,114.83
12.084,116
12.088,147.48
12.092,116.75
12.096,118.14
12.1,115.44
12.104,86.666
12.108,117.85
12.112,101.42
12.116,134.26
12.12,116.92
12.124,114.01
12.128,101.62
12.132,90.513
12.136,97.608
12.14,125.44
12.144,100.08
12.148,117.43
12.152,74.146
12.156,103.49
12.16,79.224
12.164,104.62
12.168,113.68
12.172,88.192
12.176,95.697
12.18,104.46
12.184,95.5
12.188,95.802
12.192,73.391
12.196,94.349
12.2,87.663
12.204,71.301
12.208,80.599
12.212,88.915
12.216,100.19
12.22,84.883
12.224,86.165
12.228,86.88
12.232,69.598
12.236,73.048
12.24,81.992
12.244,60.136
12.248,99.985
12.252,89.672
12.256,69.779
12.26,88.84
12.264,81.612
12.268,101
12.272,64.089
12.276,90.845
12.28,69.937
12.284,65.616
12.288,91.337
12.292,94.257
12.296,68.554
12.3,79.503
12.304,60.394
12.308,81.524
12.312,73.244
12.316,83.197
12.32,54.186
12.324,36
12.328,67.287
12.332,60.428
12.336,70.37
12.34,69.356
12.344,58.788
12.348,43.981
12.352,72.699
12.356,45.224
12.36,76.836
12.364,97.902
12.368,73.683
12.372,60.766
12.376,43.769
12.38,63.388
12.384,52.42
12.388,47.449
12.392,60.109
12.396,70.495
12.4,74.145
12.404,70.874
12.408,36.266
12.412,33.34
12.416,49.014
12.42,55.455
12.424,22.669
12.428,27.549
12.432,52.395
12.436,33.024
12.44,68.12
12.444,33.932
12.448,-127
12.452,52.981
12.456,57.455
12.46,35.334
12.464,73.797
12.468,49.631
12.472,76.248
12.476,31.655
12.48,76.537
12.484,4.6152
12.488,32.289
12.492,37.697
12.496,61.156
12.5,75.431
12.504,42.43
12.508,23.303
12.512,52.347
12.516,69.883
12.52,64.231
12.524,90.9
12.528,44.674
12.532,60.19
12.536,58.049
12.54,72.781
12.544,50.669
12.548,43.808
12.552,92.087
12.556,62.06
12.56,54.984
12.564,50.954
12.568,70.118
12.572,82.535
12.576,93.842
12.58,83.268
12.584,78.76
12.588,69.524
12.592,111.71
12.596,76.897
12.6,91.672
12.604,73.282
12.608,98.798
12.612,70.642
12.616,76.494
12.62,57.478
12.624,115.22
12.628,67.356
12.632,82.903
12.636,67.192
12.64,105.27
12.644,89.379
12.648,54.171
12.652,103.2
12.656,64.426
12.66,95.843
12.664,92.404
12.668,94.613
12.672,91.55
12.676,90.858
12.68,104.37
12.684,83.147
12.688,96.849
12.692,97.348
12.696,91.493
12.7,65.934
12.704,88.193
12.708,98.28
12.712,122.96
12.716,74.071
12.72,112.39
12.724,101.94
12.728,106.24
12.732,95.458
12.736,200
12.74,115.72
12.744,131.24
12.748,141.41
12.752,123.99
12.756,102.54
12.76,115.63
12.764,124.08
12.768,107.07
12.772,112.94
12.776,108.55
12.78,108.6
12.784,153.19
12.788,117.71
12.792,162.75
12.796,144.75
12.8,143.1
12.804,138.5
12.808,163.7
12.812,158.24
12.816,137.3
12.82,155.72
12.824,148.03
12.828,146.75
12.832,153.29
12.836,148.47
12.84,132.7
12.844,130.25
12.848,136.85
12.852,180.86
12.856,149.05
12.86,145.4
12.864,139.67
12.868,155.14
12.872,151.48
12.876,174.8
12.88,140.42
12.884,165.06
12.888,152.12
12.892,166.57
12.896,173.7
12.9,145.19
12.904,199.24
12.908,166.11
12.912,178.77
12.916,187.49
12.92,169.88
12.924,182.15
12.928,178.19
12.932,174.46
12.936,165.31
12.94,80
12.944,158.53
12.948,219.48
12.952,182.39
12.956,185
12.96,212.09
12.964,173.05
12.968,186.6
12.972,175.64
12.976,209.06
12.98,177.49
12.984,191.71
12.988,173.46
12.992,198.45
12.996,206.15
13,207.23
13.004,200.55
13.008,226.2
13.012,213.73
13.016,236.31
13.02,181.02
13.024,220.26
13.028,187.87
13.032,205.8
13.036,189.84
13.04,206.38
13.044,208.21
13.048,239.55
13.052,196.32
13.056,184.26
13.06,217.15
13.064,251.66
13.068,214.44
13.072,230.78
13.076,197.27
13.08,230.36
13.084,233.36
13.088,200.46
13.092,242.47
13.096,238.61
13.1,239.17
13.104,237.46
13.108,269.43
13.112,256.8
13.116,254.08
13.12,239.84
13.124,254.17
13.128,250.29
13.132,240.86
13.136,235.87
13.14,219.19
13.144,249.28
13.148,241.71
13.152,260.35
13.156,215.54
13.16,265.5
13.164,239.68
13.168,271.7
13.172,255.42
13.176,248.77
13.18,251.38
13.184,257.77
13.188,258.9
13.192,256.67
13.196,273.66
13.2,251.16
13.204,270.5
13.208,286.63
13.212,255.89
13.216,259.44
13.22,259.54
13.224,288.03
13.228,263.95
13.232,277.54
13.236,279.3
13.24,247.5
13.244,282.26
13.248,279.65
13.252,249.45
13.256,274.25
13.26,262.89
13.264,297.01
13.268,284.71
13.272,271.24
13.276,285.22
13.28,268.87
13.284,295.19
13.288,294.11
13.292,342.31
13.296,285.66
13.3,287.36
13.304,287.82
13.308,315.02
13.312,303.57
13.316,289.69
13.32,302.61
13.324,325.82
13.328,302.77
13.332,286.14
13.336,293.45
13.34,324.07
13.344,303.48
13.348,331.91
13.352,315.43
13.356,261.7
13.36,299.24
13.364,320.38
13.368,297.44
13.372,301.52
13.376,306.14
13.38,303.78
13.384,334.1
13.388,322.85
13.392,307.97
13.396,300.2
13.4,305.41
13.404,328.86
13.408,326.56
13.412,320.24
13.416,311.08
13.42,322.81
13.424,322.82
13.428,314.68
13.432,327.1
13.436,304.16
13.44,322.27
13.444,351.26
13.448,326.53
13.452,304.04
13.456,321.57
13.46,343.06
13.464,340.95
13.468,340.96
13.472,331.06
13.476,354.14
13.48,338.77
13.484,320.46
13.488,325.33
13.492,337.16
13.496,314.6
13.5,338.33
13.504,321.08
13.508,373.81
13.512,321.85
13.516,359
13.52,327
13.524,349.68
13.528,168
13.532,317.76
13.536,334.13
13.54,314.27
13.544,334.16
13.548,340.09
13.552,344.27
13.556,366.32
13.56,338.53
13.564,347.7
13.568,345.9
13.572,355
13.576,310.56
13.58,369.02
13.584,315.69
13.588,473
13.592,342.62
13.596,334.03
13.6,340.44
13.604,331.61
13.608,325.36
13.612,318.67
13.616,317.48
13.62,314.39
13.624,311.02
13.628,323.7
13.632,340.81
13.636,319.92
13.64,328.31
13.644,311.96
13.648,318.53
13.652,342.36
13.656,317.42
13.66,338.89
13.664,317.33
13.668,321.95
13.672,294.75
13.676,353.72
13.68,296.61
13.684,324.42
13.688,316.46
13.692,332.76
13.696,305.43
13.7,320.5
13.704,344.88
13.708,322.64
13.712,323.97
13.716,316.87
13.72,297.52
13.724,296.11
13.728,582
13.732,333.69
13.736,341.15
13.74,303.62
13.744,316.76
13.748,308.89
13.752,309.97
13.756,325.16
13.76,336.16
13.764,330.91
13.768,306.57
13.772,307.29
13.776,306.51
13.78,296.93
13.784,313.27
13.788,319.38
13.792,295.51
13.796,282.51
13.8,294.31
13.804,302.09
13.808,306
13.812,278.61
13.816,272.54
13.82,306.97
13.824,302.52
13.828,294.52
13.832,323.67
13.836,312.26
13.84,281.68
13.844,304.32
13.848,297.07
13.852,274.93
13.856,312.41
13.86,287.61
13.864,277.3
13.868,293.95
13.872,284.95
13.876,278.73
13.88,277.16
13.884,266.29
13.888,295.25
13.892,263.42
13.896,260.45
13.9,277.55
13.904,295.72
13.908,273.2
13.912,308.5
13.916,273.17
13.92,252.06
13.924,256.48
13.928,277.63
13.932,283.51
13.936,266.6
13.94,283.37
13.944,264.46
13.948,15
13.952,254.84
13.956,254.35
13.96,267.92
13.964,284.79
13.968,232.57
13.972,270.53
13.976,276
13.98,251.37
13.984,265.8
13.988,255.14
13.992,260.9
13.996,280.61
14,261.01
14.004,246.45
14.008,243.25
14.012,260.24
14.016,239.94
14.02,224.94
14.024,244.35
14.028,243.34
14.032,224.47
14.036,208.84
14.04,202.2
14.044,231.32
14.048,243.06
14.052,229.61
14.056,242.91
14.06,236.47
14.064,223.44
14.068,212.78
14.072,209.79
14.076,255.41
14.08,213.51
14.084,222.73
14.088,206.35
14.092,224.17
14.096,223.24
14.1,221.67
14.104,211.07
14.108,186.95
14.112,206.63
14.116,209.32
14.12,202.32
14.124,197.94
14.128,197.64
14.132,186.16
14.136,195.26
14.14,191.29
14.144,208.35
14.148,202.98
14.152,206.92
14.156,175.56
14.16,199.7
14.164,191.41
14.168,189.09
14.172,171.42
14.176,211.66
14.18,198.63
14.184,170.66
14.188,182.57
14.192,185.18
14.196,158.42
14.2,207.44
14.204,161.07
14.208,190.97
14.212,133.51
14.216,178.99
14.22,190.84
14.224,180.95
14.228,189.77
14.232,175.34
14.236,188.63
14.24,128.83
14.244,151.98
14.248,167.56
14.252,154.91
14.256,170.32
14.26,147.64
14.264,146
14.268,186.81
14.272,162.35
14.276,158.06
14.28,147.67
14.284,166.72
14.288,181.11
14.292,143.06
14.296,155.35
14.3,142.97
14.304,145.13
14.308,144.19
14.312,112.22
14.316,133.35
14.32,129.21
14.324,148.05
14.328,139.05
14.332,125.12
14.336,93.834
14.34,135.44
14.344,152.2
14.348,152.97
14.352,125.84
14.356,136.28
14.36,144.85
14.364,133.59
14.368,147.34
14.372,148.73
14.376,139.21
14.38,108.39
14.384,125.37
14.388,121.19
14.392,99.216
14.396,117.59
14.4,131.68
14.404,109.07
14.408,121
14.412,122.72
14.416,122.49
14.42,98.415
14.424,100.28
14.428,106.76
14.432,90.947
14.436,88.209
14.44,99.612
14.444,122.42
14.448,92.429
14.452,94.448
14.456,102.38
14.46,100.45
14.464,92.854
14.468,95.168
14.472,77.023
14.476,94.434
14.48,77.509
14.484,88.476
14.488,73.937
14.492,119.08
14.496,74.841
14.5,92.744
14.504,96.966
14.508,104.79
14.512,115.39
14.516,96.7
14.52,101.06
14.524,126.37
14.528,64.817
14.532,104.87
14.536,78.452
14.54,75.794
14.544,63.953
14.548,82.542
14.552,82.395
14.556,81.875
14.56,96.391
14.564,83.724
14.568,83.661
14.572,92.889
14.576,97.016
14.58,56.555
14.584,87.102
14.588,75.79
14.592,82.385
14.596,63.537
14.6,87.943
14.604,51.583
14.608,49.377
14.612,58.454
14.616,68.6
14.62,66.383
14.624,51.685
14.628,87.315
14.632,69.489
14.636,76.669
14.64,56.096
14.644,69.348
14.648,66.52
14.652,275
14.656,86.827
14.66,79.153
14.664,91.851
14.668,71.128
14.672,66.108
14.676,45.183
14.68,60.121
14.684,71.651
14.688,86.457
14.692,91.744
14.696,57.546
14.7,88.287
14.704,88.697
14.708,75.938
14.712,78.835
14.716,68.351
14.72,97.9
14.724,47.303
14.728,68.222
14.732,64.367
14.736,77.032
14.74,66.613
14.744,54.798
14.748,53.081
14.752,65.685
14.756,71.324
14.76,79.546
14.764,88.269
14.768,59.018
14.772,63.082
14.776,71.346
14.78,65.43
14.784,55.077
14.788,68.496
14.792,72.196
14.796,66.169
14.8,50.58
14.804,60.263
14.808,81.671
14.812,91.689
14.816,70.164
14.82,74.467
14.824,81.989
14.828,45.358
14.832,65.581
14.836,86.026
14.84,71.888
14.844,82.126
14.848,74.114
14.852,78.963
14.856,92.141
14.86,76.146
14.864,78.648
14.868,72.44
14.872,64.064
14.876,52.448
14.88,67.951
14.884,86.396
14.888,71.337
14.892,89.312
14.896,54.398
14.9,102.13
14.904,69.162
14.908,99.379
14.912,85.583
14.916,88.703
14.92,69.442
14.924,65.58
14.928,78.415
14.932,107.43
14.936,91.564
14.94,76.991
14.944,87.57
14.948,72.625
14.952,92.516
14.956,82.812
14.96,89.092
14.964,80.623
14.968,86.644
14.972,92.157
14.976,97.866
14.98,80.212
14.984,98.763
14.988,66.374
14.992,100.12
14.996,95.414
15,103.11
15.004,99.566
15.008,87.698
15.012,69.23
15.016,103.2
15.02,118.03
15.024,58.546
15.028,88.502
15.032,114.74
15.036,88.312
15.04,132.09
15.044,87.135
15.048,111.6
15.052,127.59
15.056,111.02
15.06,102.02
15.064,110.74
15.068,90.266
15.072,97.405
15.076,122.3
15.08,129.15
15.084,143.93
15.088,101.98
15.092,115.54
15.096,110.23
15.1,135.74
15.104,130.27
15.108,136.41
15.112,119.86
15.116,115.7
15.12,117
15.124,119.45
15.128,123.31
15.132,146.68
15.136,136.86
15.14,152.07
15.144,142.59
15.148,116.85
15.152,124.33
15.156,117.46
15.16,151.37
15.164,153.17
15.168,148.61
15.172,147.91
15.176,151.99
15.18,125.26
15.184,155.59
15.188,143.5
15.192,159.84
15.196,179.85
15.2,140.96
15.204,160.85
15.208,194.2
15.212,154.91
15.216,166.64
15.22,168.27
15.224,153.99
15.228,159.63
15.232,175.72
15.236,173.25
15.24,180.18
15.244,158.08
15.248,138.46
15.252,161.94
15.256,158.11
15.26,169.5
15.264,183.81
15.268,184.25
15.272,179.78
15.276,184.59
15.28,161.1
15.284,177.98
15.288,184.27
15.292,202.7
15.296,198.55
15.3,194.05
15.304,184.53
15.308,159.71
15.312,213.68
15.316,200.51
15.32,213.23
15.324,196.14
15.328,178.79
15.332,202.47
15.336,217.68
15.34,191.64
15.344,223.62
15.348,170.21
15.352,200.86
15.356,199.03
15.36,217.78
15.364,236.66
15.368,235.68
15.372,229.06
15.376,233.33
15.38,228.17
15.384,237.43
15.388,251.46
15.392,197.35
15.396,216.75
15.4,222.51
15.404,216.45
15.408,218.65
15.412,230.54
15.416,210.07
15.42,239
15.424,222.56
15.428,247.17
15.432,242.97
15.436,234.41
15.44,231.3
15.444,235.96
15.448,253.2
15.452,243.03
15.456,230.69
15.46,242.61
15.464,241.13
15.468,252.71
15.472,254.25
15.476,292.99
15.48,257.63
15.484,266.94
15.488,265.58
15.492,246.36
15.496,260.73
15.5,241.66
15.504,267.45
15.508,273.11
15.512,272.23
15.516,274.88
15.52,289.01
15.524,290.6
15.528,274
15.532,270.52
15.536,269.99
15.54,272.32
15.544,272.07
15.548,317.67
15.552,276.14
15.556,288.72
15.56,274.45
15.564,281
15.568,260.64
15.572,292.68
15.576,283.1
15.58,285.87
15.584,63
15.588,267.88
15.592,250.13
15.596,304.12
15.6,335.89
15.604,286.27
15.608,317.83
15.612,285.07
15.616,276.26
15.62,286.02
15.624,309.43
15.628,317.22
15.632,300.77
15.636,296.28
15.64,310.95
15.644,298.51
15.648,333.29
15.652,302.07
15.656,288.12
15.66,302.69
15.664,298.06
15.668,299.63
15.672,292.63
15.676,289.16
15.68,320.94
15.684,306.7
15.688,311.23
15.692,337.16
15.696,295.01
15.7,303.38
15.704,304.65
15.708,303.54
15.712,317.1
15.716,331.62
15.72,315.76
15.724,302.61
15.728,291.75
15.732,309.34
15.736,333.18
15.74,325.5
15.744,323.61
15.748,291.31
15.752,333.31
15.756,331.29
15.76,314.6
15.764,335.21
15.768,317.87
15.772,296.09
15.776,313.24
15.78,305
15.784,324.99
15.788,294.63
15.792,314.62
15.796,314.99
15.8,304.77
15.804,325.24
15.808,317.17
15.812,336.28
15.816,302.73
15.82,332.78
15.824,321.53
15.828,321.41
15.832,327.17
15.836,305.59
15.84,330.41
15.844,315.8
15.848,342.22
15.852,317.07
15.856,344.05
15.86,343.79
15.864,321.61
15.868,311.56
15.872,331.76
15.876,329.13
15.88,337.66
15.884,344.38
15.888,325.64
15.892,298.89
15.896,334.35
15.9,357.19
15.904,323.75
15.908,326.22
15.912,349.56
15.916,353.01
15.92,323.71
15.924,314.24
15.928,317.24
15.932,304.76
15.936,362.84
15.94,334.61
15.944,309.98
15.948,305.26
15.952,323.48
15.956,321.68
15.96,309.99
15.964,325.97
15.968,319.73
15.972,83
15.976,312.93
15.98,331.42
15.984,321.67
15.988,313.84
15.992,320.8
15.996,317.11
16,324.21
16.004,322.3
16.008,316.21
16.012,324
16.016,301.81
16.02,294.68
16.024,317.59
16.028,297.6
16.032,294.41
16.036,322.73
16.04,322.26
16.044,312.69
16.048,334.01
16.052,333.2
16.056,329.67
16.06,308.11
16.064,307.09
16.068,308.47
16.072,294.22
16.076,302.54
16.08,271.78
16.084,342.12
16.088,293.03
16.092,307.86
16.096,290.24
16.1,299.65
16.104,308.53
16.108,295.54
16.112,327.16
16.116,317.29
16.12,324.24
16.124,295.43
16.128,313.19
16.132,272.22
16.136,313.3
16.14,286.43
16.144,303.94
16.148,304.63
16.152,286.83
16.156,318.11
16.16,263.64
16.164,289.69
16.168,290.65
16.172,321.29
16.176,286.79
16.18,309.79
16.184,295.34
16.188,289.57
16.192,277.03
16.196,306.81
16.2,295.43
16.204,300.61
16.208,288.96
16.212,266.55
16.216,301.77
16.22,268.6
16.224,274.58
16.228,306.16
16.232,259.45
16.236,282.85
16.24,267.37
16.244,296.91
16.248,264.43
16.252,295.77
16.256,271.55
16.26,252.24
16.264,252.48
16.268,256.8
16.272,271.2
16.276,282.88
16.28,278.79
16.284,-67
16.288,263.9
16.292,251.63
16.296,254.4
16.3,286.25
16.304,253.23
16.308,261.83
16.312,259.22
16.316,234.43
16.32,254.72
16.324,249.59
16.328,236.88
16.332,259.59
16.336,243.75
16.34,236.3
16.344,242.34
16.348,252.31
16.352,232.78
16.356,259.75
16.36,227.6
16.364,234.47
16.368,211.63
16.372,229.83
16.376,254.56
16.38,243.36
16.384,241.45
16.388,231.63
16.392,226.52
16.396,245.53
16.4,225.86
16.404,227.16
16.408,211.29
16.412,207.95
16.416,208.37
16.42,209.5
16.424,214.5
16.428,190.24
16.432,206.63
16.436,209.47
16.44,196.27
16.444,204.62
16.448,208.08
16.452,191.52
16.456,200.35
16.46,200.8
16.464,218.43
16.468,192.19
16.472,175.17
16.476,201.71
16.48,169.08
16.484,175.53
16.488,194.2
16.492,210.48
16.496,189.9
16.5,180.46
16.504,179.17
16.508,199.55
16.512,199.59
16.516,183.66
16.52,160.41
16.524,212.71
16.528,171.49
16.532,188.79
16.536,193.56
16.54,173.36
16.544,189.32
16.548,179.24
16.552,177.05
16.556,148.15
16.56,175.74
16.564,173.41
16.568,174.2
16.572,168.77
16.576,163.76
16.58,134.1
16.584,186
16.588,179.91
16.592,152.59
16.596,178.01
16.6,178.27
16.604,109
16.608,156.68
16.612,147.51
16.616,126.07
16.62,127.21
16.624,116.41
16.628,113.44
16.632,163.95
16.636,162.87
16.64,100.91
16.644,146.43
16.648,143.35
16.652,142.84
16.656,146.63
16.66,149.74
16.664,114.53
16.668,148.25
16.672,145.21
16.676,137.72
16.68,156.01
16.684,105.85
16.688,127.45
16.692,128.91
16.696,132.37
16.7,96.918
16.704,91.493
16.708,128.71
16.712,126.28
16.716,123.05
16.72,113.33
16.724,126.5
16.728,106.05
16.732,138
16.736,84.724
16.74,131.19
16.744,112.41
16.748,133.44
16.752,107.85
16.756,135.51
16.76,124.35
16.764,121.3
16.768,120.58
16.772,132.67
16.776,124.64
16.78,120.94
16.784,101.21
16.788,82.274
16.792,106.48
16.796,117.99
16.8,110.51
16.804,106.98
16.808,125.73
16.812,116.01
16.816,91.707
16.82,106.66
16.824,151
16.828,390
16.832,82.44
16.836,115.32
16.84,91.323
16.844,99.252
16.848,107.42
16.852,85.292
16.856,96.885
16.86,89.928
16.864,82.601
16.868,90.123
16.872,81.786
16.876,86.862
16.88,110.07
16.884,100.63
16.888,76.8
16.892,94.855
16.896,99.523
16.9,57.295
16.904,127
16.908,81.388
16.912,81.161
16.916,75.242
16.92,66.562
16.924,72.237
16.928,61.84
16.932,82.548
16.936,90.224
16.94,86.915
16.944,82.042
16.948,73.887
16.952,92.045
16.956,58.407
16.96,56.766
16.964,66.875
16.968,56.445
16.972,86.285
16.976,67.669
16.98,87.961
16.984,82.024
16.988,63.398
16.992,74.148
16.996,83.606
17,67.896
17.004,65.659
17.008,92.046
17.012,92.821
17.016,69.678
17.02,91.292
17.024,58.178
17.028,71.174
17.032,61.141
17.036,85.307
17.04,69.234
17.044,87.493
17.048,61.19
17.052,64.006
17.056,66.452
17.06,99.917
17.064,86.113
17.068,87.685
17.072,87.308
17.076,60.981
17.08,84.59
17.084,31.259
17.088,63.338
17.092,73.901
17.096,72.626
17.1,93.136
17.104,52.753
17.108,103.92
17.112,72.601
17.116,61.141
17.12,63.584
17.124,82.986
17.128,71.554
17.132,57.448
17.136,54.385
17.14,54.014
17.144,73.311
17.148,87.772
17.152,94.164
17.156,63.855
17.16,103.69
17.164,92.799
17.168,92.191
17.172,92.22
17.176,57.271
17.18,123
17.184,92.392
17.188,94.52
17.192,42.705
17.196,63.915
17.2,69.157
17.204,78.181
17.208,64.565
17.212,70.918
17.216,91.393
17.22,104.48
17.224,89.754
17.228,79.254
17.232,76.497
17.236,89.053
17.24,101.87
17.244,60.806
17.248,74.577
17.252,82.611
17.256,96.473
17.26,56.571
17.264,77.048
17.268,81.597
17.272,69.818
17.276,78.367
17.28,94.76
17.284,99.072
17.288,101.95
17.292,93.374
17.296,91.923
17.3,81.167
17.304,93.775
17.308,78.306
17.312,76.593
17.316,104.71
17.32,102.1
17.324,66.775
17.328,74.774
17.332,105.83
17.336,87.655
17.34,120.2
17.344,105.57
17.348,122.14
17.352,121.58
17.356,101.49
17.36,113.49
17.364,93.088
17.368,105.51
17.372,112.42
17.376,109.59
17.38,109.67
17.384,111.81
17.388,122.04
17.392,109.47
17.396,118.07
17.4,104.44
17.404,136.22
17.408,99.129
17.412,119.77
17.416,113.4
17.42,114.91
17.424,135.49
17.428,147.34
17.432,125.36
17.436,153.48
17.44,134.93
17.444,119.35
17.448,156.31
17.452,151.05
17.456,159.99
17.46,110.59
17.464,135.55
17.468,156.94
17.472,144.61
17.476,131.25
17.48,157.42
17.484,170.18
17.488,146.01
17.492,144.94
17.496,147.71
17.5,173.19
17.504,135.83
17.508,164.98
17.512,156.37
17.516,150.08
17.52,152.35
17.524,176.8
17.528,182.64
17.532,176.12
17.536,148.03
17.54,146.91
17.544,198.75
17.548,163.68
17.552,181.43
17.556,151.71
17.56,169.36
17.564,185.81
17.568,190.57
17.572,143.28
17.576,176.41
17.58,320
17.584,209.33
17.588,172.37
17.592,173.72
17.596,187.41
17.6,190.15
17.604,182.95
17.608,198.9
17.612,201.52
17.616,187.24
17.62,203.58
17.624,391.45
17.628,299.31
17.632,199.75
17.636,180.07
17.64,212.95
17.644,204.71
17.648,180
17.652,213.37
17.656,217.48
17.66,178.01
17.664,196.32
17.668,197.25
17.672,221.51
17.676,217.27
17.68,206.05
17.684,204.22
17.688,246.91
17.692,235.79
17.696,198.76
17.7,193.85
17.704,189.27
17.708,208.84
17.712,180.32
17.716,409
17.72,222.36
17.724,214.93
17.728,223.29
17.732,258.75
17.736,230.96
17.74,252.98
17.744,253.85
17.748,208.63
17.752,235.7
17.756,226.13
17.76,246.3
17.764,198.75
17.768,268.72
17.772,243.2
17.776,277.31
17.78,238.2
17.784,222.09
17.788,251.58
17.792,217.68
17.796,263.53
17.8,241.7
17.804,240.76
17.808,233.22
17.812,272.08
17.816,272.06
17.82,272.67
17.824,236.25
17.828,276.2
17.832,272.7
17.836,270.02
17.84,232.44
17.844,244.74
17.848,272.2
17.852,229.63
17.856,247.87
17.86,276.24
17.864,290.36
17.868,257.2
17.872,261.87
17.876,269.47
17.88,270.8
17.884,271.32
17.888,272.18
17.892,288.27
17.896,256.07
17.9,271.76
17.904,247.33
17.908,287.44
17.912,258.62
17.916,258.34
17.92,257.9
17.924,276.38
17.928,271.17
17.932,286.32
17.936,287.97
17.94,278.23
17.944,307.35
17.948,268.87
17.952,274.4
17.956,285.38
17.96,266.28
17.964,19.402
17.968,271.2
17.972,294.67
17.976,288.73
17.98,265.67
17.984,300.36
17.988,291.11
17.992,307.14
17.996,298.16
18,307.34
18.004,310.52
18.008,333.14
18.012,287.64
18.016,339.33
18.02,295.85
18.024,304.27
18.028,300.19
18.032,294.64
18.036,299.51
18.04,312.54
18.044,311.88
18.048,305.76
18.052,292.96
18.056,316.31
18.06,321.28
18.064,280.25
18.068,296.36
18.072,353.58
18.076,333.01
18.08,318.27
18.084,292.41
18.088,327.74
18.092,319.76
18.096,306.4
18.1,328.24
18.104,320.45
18.108,312.04
18.112,319.01
18.116,322.97
18.12,313.49
18.124,328.06
18.128,318.36
18.132,294.09
18.136,330.91
18.14,325.98
18.144,319.17
18.148,315.12
18.152,310.49
18.156,-7.206
18.16,336.6
18.164,318.09
18.168,319.36
18.172,347.17
18.176,338.57
18.18,314.43
18.184,326.63
18.188,306.67
18.192,346.65
18.196,303.96
18.2,333.89
18.204,330.04
18.208,347.01
18.212,302.99
18.216,329.55
18.22,332.01
18.224,318.96
18.228,329.44
18.232,316.99
18.236,330.24
18.24,319.35
18.244,335.67
18.248,339.96
18.252,351.02
18.256,332.3
18.26,575
18.264,327
18.268,331.59
18.272,329.56
18.276,306.7
18.28,347.08
18.284,334.04
18.288,342.64
18.292,318.7
18.296,335.6
18.3,297.17
18.304,298.08
18.308,312.9
18.312,304.81
18.316,320.71
18.32,335.31
18.324,336.33
18.328,312.77
18.332,320.84
18.336,307.09
18.34,281.81
18.344,322.47
18.348,309.94
18.352,340.78
18.356,341.33
18.36,307.7
18.364,318.98
18.368,344.67
18.372,352.35
18.376,311.81
18.38,329.01
18.384,307.19
18.388,297.23
18.392,337.63
18.396,302.42
18.4,305.07
18.404,306.94
18.408,308.05
18.412,309.48
18.416,299.99
18.42,288.46
18.424,301.34
18.428,302.37
18.432,316.59
18.436,290.64
18.44,272.84
18.444,282.31
18.448,287.08
18.452,279.21
18.456,273.57
18.46,292.67
18.464,305.03
18.468,313.57
18.472,263.59
18.476,280.85
18.48,290.9
18.484,276.06
18.488,287.01
18.492,284.41
18.496,288.19
18.5,280.39
18.504,250.81
18.508,286.61
18.512,281.89
18.516,254.06
18.52,293.03
18.524,304.69
18.528,283.83
18.532,260
18.536,314.52
18.54,279
18.544,269.15
18.548,268.96
18.552,277.48
18.556,251.45
18.56,264.62
18.564,238.22
18.568,258.39
18.572,263.64
18.576,244.2
18.58,259.6
18.584,271.48
18.588,249.47
18.592,253.29
18.596,261.09
18.6,230.53
18.604,258.97
18.608,259.51
18.612,258.11
18.616,295.5
18.62,253.36
18.624,261.23
18.628,232.92
18.632,272.46
18.636,256.83
18.64,237.24
18.644,209.91
18.648,257.56
18.652,245.76
18.656,243.3
18.66,235.33
18.664,241.2
18.668,273.4
18.672,217.06
18.676,224.31
18.68,243.76
18.684,233.67
18.688,249.67
18.692,232.02
18.696,259.61
18.7,216.59
18.704,214.87
18.708,234.36
18.712,259.58
18.716,226.76
18.72,218.3
18.724,196.6
18.728,219.27
18.732,225.69
18.736,229.31
18.74,226.36
18.744,231.03
18.748,201.56
18.752,224.67
18.756,202.12
18.76,195.96
18.764,218.81
18.768,189.69
18.772,185.93
18.776,208.6
18.78,189.83
18.784,189.43
18.788,218.1
18.792,211.67
18.796,219
18.8,210.82
18.804,196.52
18.808,218.87
18.812,193.91
18.816,195.79
18.82,185.61
18.824,187.82
18.828,203.03
18.832,190.57
18.836,199.85
18.84,195.31
18.844,176.13
18.848,195.9
18.852,177.25
18.856,196.48
18.86,174.84
18.864,169.15
18.868,183.33
18.872,192.7
18.876,161.14
18.88,186.91
18.884,191.74
18.888,161.25
18.892,177.35
18.896,155.25
18.9,146.9
18.904,194.77
18.908,184.65
18.912,171.62
18.916,178.7
18.92,163.29
18.924,134.47
18.928,168.04
18.932,154.39
18.936,177.01
18.94,187.44
18.944,169.43
18.948,154.96
18.952,149.42
18.956,130.8
18.96,133.65
18.964,170.98
18.968,163.54
18.972,135.66
18.976,157.79
18.98,170.15
18.984,121.69
18.988,147.31
18.992,140.46
18.996,135.16
19,135.95
19.004,139.94
19.008,145.14
19.012,128.93
19.016,128.3
19.02,122.72
19.024,141.54
19.028,126.67
19.032,141.42
19.036,121.79
19.04,130.03
19.044,117.9
19.048,142.82
19.052,118.79
19.056,94.703
19.06,117.18
19.064,117.07
19.068,-109
19.072,109.71
19.076,110.88
19.08,106.86
19.084,128.16
19.088,123.98
19.092,115.94
19.096,106.88
19.1,84.904
19.104,107.98
19.108,116.68
19.112,113.79
19.116,301
19.12,82.359
19.124,112.97
19.128,106.1
19.132,111.77
19.136,109.58
19.14,119.96
19.144,94.389
19.148,105.84
19.152,126.16
19.156,120.35
19.16,76.289
19.164,94.035
19.168,88.948
19.172,77.894
19.176,100.79
19.18,96.833
19.184,90.35
19.188,88.504
19.192,89.06
19.196,424
19.2,91.606
19.204,95.745
19.208,101.41
19.212,86.854
19.216,76.334
19.22,98.768
19.224,78.429
19.228,101.49
19.232,91.535
19.236,96.835
19.24,86.489
19.244,111.63
19.248,75.721
19.252,77.1
19.256,80.035
19.26,69.122
19.264,110.42
19.268,89.079
19.272,101.53
19.276,82.678
19.28,104.83
19.284,93.85
19.288,84.428
19.292,105.27
19.296,106.7
19.3,85.649
19.304,83.694
19.308,75.073
19.312,111.11
19.316,72.799
19.32,101.23
19.324,54.35
19.328,62.607
19.332,118.19
19.336,63.861
19.34,92.06
19.344,63.127
19.348,79.145
19.352,24
19.356,47.414
19.36,93.208
19.364,43.086
19.368,67.885
19.372,78.784
19.376,69.511
19.38,57.489
19.384,135.52
19.388,95.426
19.392,66.533
19.396,76.464
19.4,94.287
19.404,66.534
19.408,75.18
19.412,78.036
19.416,76.088
19.42,93.465
19.424,82.299
19.428,87.343
19.432,90.938
19.436,97.235
19.44,72.161
19.444,86.808
19.448,93.502
19.452,64.931
19.456,108.45
19.46,85.699
19.464,92.827
19.468,70.557
19.472,62.2
19.476,97.546
19.48,75.015
19.484,90.567
19.488,103.25
19.492,55.304
19.496,71.963
19.5,95.398
19.504,62.299
19.508,49.225
19.512,101.43
19.516,75.36
19.52,91.616
19.524,103.51
19.528,76.488
19.532,90.9
19.536,117.07
19.54,98.573
19.544,88.749
19.548,79.089
19.552,73.466
19.556,102.65
19.56,92.751
19.564,78.847
19.568,87.516
19.572,85.904
19.576,107.65
19.58,109.32
19.584,70.572
19.588,72.533
19.592,126.36
19.596,121.81
19.6,84.404
19.604,107.24
19.608,123.16
19.612,96.043
19.616,110.23
19.62,90.462
19.624,94.922
19.628,76.698
19.632,135
19.636,87.157
19.64,99.941
19.644,102.27
19.648,101.56
19.652,84.563
19.656,114.45
19.66,96.587
19.664,119.1
19.668,99.682
19.672,98.653
19.676,120.62
19.68,117.28
19.684,100.77
19.688,111.99
19.692,102.38
19.696,116.23
19.7,105.27
19.704,138.21
19.708,131.23
19.712,117.23
19.716,99.112
19.72,125.21
19.724,120.91
19.728,117.99
19.732,91.294
19.736,119.7
19.74,118.55
19.744,140.49
19.748,131.31
19.752,142.06
19.756,132.98
19.76,147.87
19.764,135.23
19.768,134.19
19.772,128.67
19.776,129.58
19.78,113.2
19.784,109.32
19.788,147.3
19.792,139.53
19.796,151.46
19.8,147.69
19.804,139.68
19.808,169.2
19.812,152.37
19.816,123.52
19.82,121.62
19.824,133.52
19.828,432
19.832,160.71
19.836,167.41
19.84,155.69
19.844,161.15
19.848,163.77
19.852,162.76
19.856,189.13
19.86,180.89
19.864,169.98
19.868,168.98
19.872,153.99
19.876,178.29
19.88,153.27
19.884,183.98
19.888,197.86
19.892,174.41
19.896,163.16
19.9,170.08
19.904,196.29
19.908,156.14
19.912,149.32
19.916,179.42
19.92,179.32
19.924,173.83
19.928,186.72
19.932,206.65
19.936,185.3
19.94,167.87
19.944,172.68
19.948,184.78
19.952,190.09
19.956,193.5
19.96,210.34
19.964,186.36
19.968,186.89
19.972,181.23
19.976,187.23
19.98,175.61
19.984,198.14
19.988,208.77
19.992,202.76
19.996,202.6
20,213.57
20.004,221.3
20.008,198.77
20.012,207.1
20.016,192.53
20.02,192.48
20.024,225.84
20.028,222.18
20.032,192.96
20.036,230.04
20.04,214.94
20.044,231.6
20.048,196.07
20.052,248.79
20.056,226.66
20.06,234.02
20.064,228.39
20.068,58
20.072,225.34
20.076,229.29
20.08,227.19
20.084,220.88
20.088,233.59
20.092,234.24
20.096,263.62
20.1,247.49
20.104,238.59
20.108,216.36
20.112,247.85
20.116,243.19
20.12,247.31
20.124,272.27
20.128,236.69
20.132,263.19
20.136,246.19
20.14,253.41
20.144,244.31
20.148,248.66
20.152,262.23
20.156,270.44
20.16,275.61
20.164,283.98
20.168,270.06
20.172,270.38
20.176,284.17
20.18,261.47
20.184,307.76
20.188,251.26
20.192,260.2
20.196,256.03
20.2,279.97
20.204,274.38
20.208,242.74
20.212,276.03
20.216,266.4
20.22,285.66
20.224,289.57
20.228,270.97
20.232,267.31
20.236,305.1
20.24,297.08
20.244,275.39
20.248,294.58
20.252,276.38
20.256,580
20.26,275.98
20.264,276.46
20.268,306.14
20.272,299.89
20.276,288.88
20.28,277.43
20.284,270.12
20.288,289.25
20.292,286.11
20.296,318.69
20.3,659
20.304,312.97
20.308,312.97
20.312,295.31
20.316,292.29
20.32,283.03
20.324,264.09
20.328,289.34
20.332,293.93
20.336,322.42
20.34,280.91
20.344,319.08
20.348,300.97
20.352,294.08
20.356,289.14
20.36,308.55
20.364,285.6
20.368,344
20.372,298.85
20.376,305.09
20.38,293.46
20.384,295.24
20.388,314.33
20.392,292.02
20.396,343.3
20.4,295.06
20.404,303.44
20.408,312.28
20.412,313.83
20.416,294.74
20.42,302.96
20.424,337.19
20.428,290.95
20.432,281.97
20.436,290.66
20.44,323.55
20.444,343.27
20.448,301.37
20.452,343.97
20.456,305.49
20.46,326.37
20.464,326.43
20.468,311.16
20.472,313.25
20.476,307.11
20.48,296.22
20.484,345.52
20.488,295.8
20.492,308.84
20.496,336.22
20.5,313.35
20.504,294.99
20.508,315.23
20.512,307.79
20.516,318.21
20.52,305.25
20.524,314.38
20.528,313.76
20.532,308.56
20.536,292.31
20.54,297.55
20.544,274.83
20.548,329.76
20.552,315.16
20.556,329.65
20.56,311.56
20.564,269.96
20.568,309.4
20.572,316.16
20.576,311.72
20.58,346.88
20.584,293.78
20.588,309.15
20.592,318.99
20.596,286.25
20.6,326.83
20.604,325.12
20.608,327.36
20.612,306.91
20.616,291.9
20.62,318.04
20.624,280.87
20.628,303.69
20.632,315.32
20.636,305.56
20.64,332.35
20.644,308.54
20.648,306.17
20.652,312.86
20.656,311.36
20.66,282.55
20.664,282.61
20.668,312.71
20.672,333.37
20.676,323.24
20.68,287.53
20.684,291.49
20.688,315
20.692,321.15
20.696,288.45
20.7,282.98
20.704,307.76
20.708,270.06
20.712,316.19
20.716,313.06
20.72,293.45
20.724,310.27
20.728,312.27
20.732,282.29
20.736,320.58
20.74,315.36
20.744,313.23
20.748,279.74
20.752,307.82
20.756,285.73
20.76,317.49
20.764,287.22
20.768,295.67
20.772,279.94
20.776,296.28
20.78,292.73
20.784,303.35
20.788,296.24
20.792,270.88
20.796,270.25
20.8,296.37
20.804,312.71
20.808,287.21
20.812,605
20.816,287.55
20.82,279.51
20.824,260.73
20.828,299.53
20.832,284.89
20.836,280.83
20.84,268.57
20.844,298.49
20.848,258.36
20.852,279.21
20.856,274.65
20.86,273.49
20.864,277.01
20.868,255.98
20.872,270.32
20.876,266.4
20.88,244.35
20.884,262.06
20.888,250.88
20.892,263.31
20.896,270.36
20.9,248.27
20.904,267.31
20.908,232.57
20.912,256.62
20.916,236.69
20.92,275.74
20.924,239.3
20.928,243.24
20.932,273.62
20.936,239.82
20.94,241.85
20.944,233.21
20.948,275.95
20.952,226.78
20.956,244.87
20.96,252.65
20.964,231.16
20.968,235.41
20.972,245.55
20.976,258.69
20.98,234.5
20.984,242.59
20.988,249.62
20.992,254.93
20.996,251.46
21,213.04
21.004,254.05
21.008,190.46
21.012,228.55
21.016,216.62
21.02,233.99
21.024,240.71
21.028,525
21.032,217.97
21.036,189.89
21.04,228.88
21.044,256.3
21.048,231.03
21.052,213.66
21.056,172.32
21.06,181.79
21.064,192.31
21.068,180.93
21.072,219.42
21.076,203.74
21.08,191.22
21.084,184.91
21.088,220.73
21.092,182.75
21.096,417
21.1,233.61
21.104,172.02
21.108,188.11
21.112,185.98
21.116,212.34
21.12,197.9
21.124,181.36
21.128,170.24
21.132,188.2
21.136,186.54
21.14,174.91
21.144,169.79
21.148,177.5
21.152,151.77
21.156,186.31
21.16,169.88
21.164,193.85
21.168,186.2
21.172,168.92
21.176,171
21.18,162.63
21.184,182.63
21.188,160.27
21.192,171.03
21.196,159.17
21.2,176.06
21.204,141.16
21.208,167.96
21.212,149.87
21.216,291
21.22,141.13
21.224,182.47
21.228,180.19
21.232,164.41
21.236,162.88
21.24,141.13
21.244,170.87
21.248,155.9
21.252,150.64
21.256,146.28
21.26,145.83
21.264,147.63
21.268,141.73
21.272,171.1
21.276,134.03
21.28,157.38
21.284,163.29
21.288,127.41
21.292,133.86
21.296,146.45
21.3,131.13
21.304,-13.975
21.308,123.17
21.312,111.43
21.316,124.27
21.32,95.844
21.324,98.294
21.328,134.62
21.332,144.8
21.336,133.46
21.34,143.99
21.344,-68
21.348,122.37
21.352,172.62
21.356,125.14
21.36,106.03
21.364,127.18
21.368,121.86
21.372,129.85
21.376,138.01
21.38,105.3
21.384,110.96
21.388,136.03
21.392,109.95
21.396,111.94
21.4,130.32
21.404,129.86
21.408,140.75
21.412,110.89
21.416,119.2
21.42,109.03
21.424,116.09
21.428,100.43
21.432,115.73
21.436,105.41
21.44,102.65
21.444,77.212
21.448,113.09
21.452,105.22
21.456,103.92
21.46,100.77
21.464,-17
21.468,103.32
21.472,110.87
21.476,60.346
21.48,106.59
21.484,111.45
21.488,105.5
21.492,94.552
21.496,142.59
21.5,78.549
21.504,92.726
21.508,86.367
21.512,93.107
21.516,107.37
21.52,96.071
21.524,78.742
21.528,106.47
21.532,79.835
21.536,86.178
21.54,103.55
21.544,109.48
21.548,103.34
21.552,68.747
21.556,108.48
21.56,89.264
21.564,77.744
21.568,94.222
21.572,95.627
21.576,121.08
21.58,108.93
21.584,90.894
21.588,92.686
21.592,87.632
21.596,104.29
21.6,85.186
21.604,107.15
21.608,105.77
21.612,85.984
21.616,102.31
21.62,93.047
21.624,87.347
21.628,110.48
21.632,71.41
21.636,89.886
21.64,107.47
21.644,87.162
21.648,69.744
21.652,93.939
21.656,84.058
21.66,60.143
21.664,87.578
21.668,94.52
21.672,101.98
21.676,123.25
21.68,88.311
21.684,95.675
21.688,60.769
21.692,86.704
21.696,100.4
21.7,90.503
21.704,120.83
21.708,72.6
21.712,77.217
21.716,98.874
21.72,103.57
21.724,82.73
21.728,106.39
21.732,115.05
21.736,81.351
21.74,90.263
21.744,86.652
21.748,82.04
21.752,73.232
21.756,98.474
21.76,72.743
21.764,64.677
21.768,113.95
21.772,86.464
21.776,68.926
21.78,104.14
21.784,107.48
21.788,74.201
21.792,81.944
21.796,64.142
21.8,93.235
21.804,130.68
21.808,84.51
21.812,76.714
21.816,86.845
21.82,70.539
21.824,90.788
21.828,65.593
21.832,106.04
21.836,95.72
21.84,90.433
21.844,85.765
21.848,40.461
21.852,96.11
21.856,68.48
21.86,102.24
21.864,90.564
21.868,94.837
21.872,98.959
21.876,88.05
21.88,71.901
21.884,116.43
21.888,119.83
21.892,100.46
21.896,115.22
21.9,110.3
21.904,123.31
21.908,95.587
21.912,111.2
21.916,107.39
21.92,89.808
21.924,86.934
21.928,85.625
21.932,103.69
21.936,98.762
21.94,100.26
21.944,87.51
21.948,122.78
21.952,90.48
21.956,101.3
21.96,138.62
21.964,83.95
21.968,104.69
21.972,94.551
21.976,103
21.98,107.28
21.984,112.21
21.988,110.44
21.992,127.3
21.996,107.65
22,138.9
22.004,134.98
22.008,138.57
22.012,126.42
22.016,163.09
22.02,115.65
22.024,107.19
22.028,132.47
22.032,134.49
22.036,134.96
22.04,121.97
22.044,110.34
22.048,145.26
22.052,128.56
22.056,149.46
22.06,163.37
22.064,126.6
22.068,130.23
22.072,148.71
22.076,127.99
22.08,166
22.084,155.57
22.088,122.58
22.092,158.43
22.096,147.52
22.1,143.38
22.104,163.08
22.108,146.35
22.112,122.65
22.116,143.76
22.12,154.61
22.124,162.55
22.128,169.88
22.132,175.47
22.136,147.58
22.14,176.1
22.144,187.33
22.148,187.16
22.152,161.73
22.156,181.77
22.16,152.54
22.164,191.2
22.168,175.01
22.172,208.57
22.176,187.9
22.18,158.19
22.184,160.74
22.188,166.34
22.192,160.36
22.196,191.42
22.2,168.43
22.204,146.33
22.208,164.23
22.212,164.73
22.216,185.87
22.22,191.99
22.224,189.03
22.228,206.09
22.232,181.61
22.236,172.59
22.24,201.48
22.244,198.14
22.248,176.53
22.252,199.57
22.256,198.07
22.26,198.76
22.264,184.01
22.268,20
22.272,201.79
22.276,188.16
22.28,205.89
22.284,236.62
22.288,313
22.292,175.2
22.296,195.5
22.3,217.28
22.304,208.32
22.308,197.13
22.312,195.55
22.316,216.92
22.32,211.67
22.324,229.84
22.328,248.95
22.332,214.53
22.336,216.23
22.34,236.98
22.344,231.65
22.348,228.27
22.352,217.89
22.356,227.71
22.36,253.98
22.364,222.64
22.368,212.57
22.372,233.83
22.376,225.84
22.38,248.16
22.384,259.33
22.388,246.97
22.392,230.76
22.396,225.79
22.4,257.63
22.404,220.9
22.408,231.71
22.412,262.16
22.416,239.5
22.42,261.44
22.424,251.03
22.428,247.03
22.432,259.49
22.436,219.45
22.44,259.34
22.444,270.69
22.448,258.52
22.452,490
22.456,251.99
22.46,239.54
22.464,233.26
22.468,236.8
22.472,229.13
22.476,272.58
22.48,250.84
22.484,258.71
22.488,258.26
22.492,270.81
22.496,226.3
22.5,268.7
22.504,247.71
22.508,267.83
22.512,280.57
22.516,266.13
22.52,283.04
22.524,255.71
22.528,263.54
22.532,293.78
22.536,267.04
22.54,264.73
22.544,313.24
22.548,287.8
22.552,642
22.556,289.84
22.56,282.92
22.564,282.37
22.568,289.76
22.572,270.75
22.576,290.12
22.58,283.57
22.584,284.71
22.588,284.62
22.592,288.4
22.596,24
22.6,285.22
22.604,296.63
22.608,281.56
22.612,274.04
22.616,284.33
22.62,314.56
22.624,283.76
22.628,289.46
22.632,294.68
22.636,281.02
22.64,268.57
22.644,274.87
22.648,293.99
22.652,311.08
22.656,329.56
22.66,274.25
22.664,286.88
22.668,287.66
22.672,299.33
22.676,306.14
22.68,295.62
22.684,10
22.688,281.04
22.692,305.68
22.696,289.59
22.7,279.66
22.704,304.99
22.708,269.64
22.712,317.52
22.716,299.65
22.72,315.56
22.724,283.13
22.728,307.27
22.732,306.66
22.736,298.89
22.74,300.71
22.744,288.75
22.748,293.22
22.752,313.65
22.756,304.86
22.76,316.15
22.764,307.53
22.768,326.34
22.772,325.99
22.776,277.72
22.78,297.43
22.784,297.83
22.788,304.92
22.792,306.12
22.796,299.62
22.8,317.21
22.804,301.52
22.808,274.86
22.812,319.95
22.816,322.35
22.82,351.56
22.824,331.38
22.828,314.89
22.832,326.93
22.836,307.52
22.84,301.89
22.844,302.95
22.848,300.81
22.852,306.72
22.856,305.45
22.86,304.45
22.864,287.31
22.868,324.99
22.872,307.9
22.876,325.12
22.88,291.43
22.884,288.31
22.888,281.69
22.892,302.95
22.896,316.92
22.9,305.91
22.904,301.55
22.908,266.77
22.912,320.95
22.916,318.6
22.92,294.95
22.924,300.82
22.928,313.28
22.932,339.68
22.936,272.35
22.94,317.51
22.944,322.42
22.948,304.87
22.952,303.07
22.956,294.91
22.96,270.19
22.964,307.52
22.968,291.74
22.972,305.45
22.976,297.32
22.98,288.89
22.984,289.25
22.988,287.11
22.992,270.06
22.996,325.91
23,310.87
23.004,294.95
23.008,298.72
23.012,289.12
23.016,292.81
23.02,275.44
23.024,279.84
23.028,305.92
23.032,295.92
23.036,288.33
23.04,309.12
23.044,303.18
23.048,297.3
23.052,277.38
23.056,313.55
23.06,258.14
23.064,269.66
23.068,273.39
23.072,293.68
23.076,289.54
23.08,294.44
23.084,285.43
23.088,291.26
23.092,279.06
23.096,276.23
23.1,242.84
23.104,288.89
23.108,262.57
23.112,278.78
23.116,250.87
23.12,278.24
23.124,263.57
23.128,257.31
23.132,285.79
23.136,259.03
23.14,262.28
23.144,290.42
23.148,243.07
23.152,281.95
23.156,265.19
23.16,263.68
23.164,264.27
23.168,255.14
23.172,246.29
23.176,265.47
23.18,265.36
23.184,270.98
23.188,243.15
23.192,241.81
23.196,244.22
23.2,265.21
23.204,267.05
23.208,232.62
23.212,245.45
23.216,236.83
23.22,236.43
23.224,232
23.228,207.91
23.232,273.72
23.236,233.44
23.24,248.5
23.244,237.84
23.248,268.24
23.252,248.71
23.256,243.15
23.26,257.25
23.264,236.03
23.268,245.19
23.272,230.03
23.276,259.3
23.28,234.92
23.284,234.65
23.288,240.11
23.292,269.44
23.296,249.3
23.3,219.58
23.304,207.07
23.308,232.29
23.312,266.06
23.316,224.31
23.32,241.56
23.324,248.06
23.328,206.14
23.332,230.97
23.336,216.32
23.34,214.93
23.344,229.88
23.348,192.77
23.352,201.03
23.356,223.59
23.36,193.43
23.364,205.65
23.368,208.69
23.372,213.6
23.376,195.12
23.38,184.73
23.384,190.15
23.388,188.69
23.392,183.03
23.396,212.72
23.4,200.66
23.404,165.17
23.408,186.34
23.412,196.39
23.416,382
23.42,192.37
23.424,183.07
23.428,198.98
23.432,199.79
23.436,486
23.44,198.18
23.444,168.39
23.448,168.78
23.452,175.23
23.456,189.33
23.46,178.29
23.464,185.87
23.468,191.88
23.472,190.72
23.476,185.82
23.48,155.65
23.484,172.45
23.488,175.47
23.492,179.73
23.496,176.05
23.5,189.44
23.504,150.05
23.508,178.66
23.512,156.02
23.516,178.2
23.52,166.54
23.524,167.59
23.528,168.12
23.532,189.75
23.536,168.1
23.54,146.94
23.544,121.42
23.548,154.76
23.552,150.32
23.556,289
23.56,155.48
23.564,144.26
23.568,157.97
23.572,155.8
23.576,168.48
23.58,150.23
23.584,141.47
23.588,138.61
23.592,144.24
23.596,130.47
23.6,131.81
23.604,150.84
23.608,154.88
23.612,102.73
23.616,140.63
23.62,138.93
23.624,114.48
23.628,161.59
23.632,165.25
23.636,163.82
23.64,152.02
23.644,129.47
23.648,147.04
23.652,142.95
23.656,90.067
23.66,100.59
23.664,120.38
23.668,125.07
23.672,120.33
23.676,107.46
23.68,140.95
23.684,121.66
23.688,120.32
23.692,107.5
23.696,143.12
23.7,125.46
23.704,86.617
23.708,122.34
23.712,111.14
23.716,156
23.72,125.58
23.724,92.161
23.728,102.39
23.732,115.2
23.736,116.82
23.74,117.31
23.744,116.89
23.748,119.97
23.752,80.748
23.756,112.57
23.76,133.29
23.764,98.629
23.768,89.683
23.772,98.655
23.776,98.983
23.78,79.906
23.784,88.14
23.788,84.455
23.792,97.092
23.796,92.471
23.8,115.42
23.804,99.728
23.808,71.555
23.812,89.494
23.816,102.95
23.82,78.146
23.824,83.334
23.828,102.52
23.832,106.46
23.836,85.325
23.84,109.99
23.844,77.587
23.848,91.376
23.852,87.606
23.856,55.891
23.86,97.459
23.864,88.594
23.868,89.15
23.872,98.276
23.876,76.484
23.88,96.867
23.884,120.95
23.888,95.907
23.892,77.147
23.896,85.237
23.9,105.33
23.904,91.232
23.908,84.61
23.912,92.581
23.916,81.8
23.92,94.77
23.924,69.116
23.928,85.196
23.932,95.627
23.936,102.8
23.94,73.222
23.944,69.586
23.948,102.3
23.952,99.121
23.956,77.606
23.96,87.062
23.964,87.05
23.968,53.838
23.972,74.716
23.976,74.758
23.98,94.322
23.984,106.49
23.988,-17
23.992,82.224
23.996,87.477
24,82.56
24.004,68.909
24.008,60.104
24.012,80.53
24.016,81.854
24.02,99.595
24.024,71.325
24.028,107.68
24.032,86.108
24.036,90.109
24.04,87.726
24.044,69.285
24.048,95.841
24.052,103.88
24.056,54.541
24.06,102.21
24.064,67.336
24.068,78.511
24.072,89.832
24.076,102.65
24.08,87.591
24.084,88.659
24.088,93.653
24.092,106.57
24.096,85.434
24.1,92.603
24.104,90.114
24.108,80.624
24.112,73.007
24.116,71.593
24.12,91.917
24.124,98.047
24.128,91.36
24.132,95.242
24.136,-172
24.14,98.904
24.144,88.736
24.148,104.54
24.152,95.842
24.156,80.009
24.16,106.73
24.164,91.224
24.168,78.051
24.172,94.738
24.176,99.721
24.18,108.57
24.184,115.6
24.188,114.05
24.192,89.095
24.196,115.67
24.2,96.401
24.204,102.89
24.208,96.1
24.212,118.05
24.216,99.253
24.22,132.91
24.224,104.48
24.228,138.53
24.232,116.92
24.236,115.09
24.24,112.32
24.244,110.01
24.248,123.95
24.252,87.62
24.256,95.976
24.26,107.97
24.264,119.4
24.268,107.32
24.272,95.448
24.276,101.7
24.28,111.02
24.284,117.49
24.288,115.37
24.292,124.53
24.296,139.44
24.3,128.86
24.304,115.51
24.308,117.17
24.312,130.35
24.316,128.13
24.32,139.65
24.324,126
24.328,133.23
24.332,109.33
24.336,111.87
24.34,123.98
24.344,117.43
24.348,120.9
24.352,153.95
24.356,130.51
24.36,134.24
24.364,151.18
24.368,149.34
24.372,135.65
24.376,120.21
24.38,152.43
24.384,147.89
24.388,156.82
24.392,137.15
24.396,117.91
24.4,145.65
24.404,157.57
24.408,136.92
24.412,163.05
24.416,142.4
24.42,150.04
24.424,157.69
24.428,157.92
24.432,123.91
24.436,152.54
24.44,184.4
24.444,155.39
24.448,126.49
24.452,140.91
24.456,189.88
24.46,170.41
24.464,165.49
24.468,153.94
24.472,170.7
24.476,139
24.48,175.33
24.484,144.91
24.488,175.49
24.492,153.45
24.496,137.68
24.5,182.07
24.504,151.75
24.508,190.52
24.512,160.35
24.516,188.61
24.52,167.47
24.524,197.06
24.528,175.05
24.532,215.61
24.536,193.81
24.54,183.39
24.544,208
24.548,192.36
24.552,194.85
24.556,173.65
24.56,202.02
24.564,193.85
24.568,166.91
24.572,185.88
24.576,202.5
24.58,198.05
24.584,196.88
24.588,186.7
24.592,201.96
24.596,221.72
24.6,228.61
24.604,209.35
24.608,196.39
24.612,217.31
24.616,198.68
24.62,211.46
24.624,224.02
24.628,224.38
24.632,220.99
24.636,212.36
24.64,212.4
24.644,195.15
24.648,225.46
24.652,236.72
24.656,224.21
24.66,238.14
24.664,237.4
24.668,218.04
24.672,241.01
24.676,230.63
24.68,235.18
24.684,239.77
24.688,236.66
24.692,223.86
24.696,257.06
24.7,256.93
24.704,239.46
24.708,223.45
24.712,255.75
24.716,250.05
24.72,230.29
24.724,284.21
24.728,215.52
24.732,264.61
24.736,252.17
24.74,251.22
24.744,249.16
24.748,248.2
24.752,257.46
24.756,263.96
24.76,278.23
24.764,257.37
24.768,253.51
24.772,238.96
24.776,261.51
24.78,264.71
24.784,261.84
24.788,267.72
24.792,250.59
24.796,293.75
24.8,264.35
24.804,251.55
24.808,264.3
24.812,268.53
24.816,264.11
24.82,265.38
24.824,255.59
24.828,261.98
24.832,263.2
24.836,268.44
24.84,279.83
24.844,274.72
24.848,257.51
24.852,273.04
24.856,277.46
24.86,268.83
24.864,257.85
24.868,286.57
24.872,289.51
24.876,302.57
24.88,277.19
24.884,295.39
24.888,273.69
24.892,276.56
24.896,314.64
24.9,273.13
24.904,303.47
24.908,284.72
24.912,289.85
24.916,274.94
24.92,270.25
24.924,298.98
24.928,301.86
24.932,292.43
24.936,314.01
24.94,289.24
24.944,249.58
24.948,301.24
24.952,308.28
24.956,307.25
24.96,297.64
24.964,306.14
24.968,285.8
24.972,289.56
24.976,275.66
24.98,287.56
24.984,303.45
24.988,321.51
24.992,326.71
24.996,290.03
25,296.34
25.004,289.76
25.008,291.97
25.012,287.28
25.016,299.9
25.02,308.13
25.024,160
25.028,321.44
25.032,294.76
25.036,309.77
25.04,314.11
25.044,286.23
25.048,306.04
25.052,282.12
25.056,311.91
25.06,306.15
25.064,286.32
25.068,321.53
25.072,339.61
25.076,293.53
25.08,315.01
25.084,288.45
25.088,305.77
25.092,284.82
25.096,302.6
25.1,337.35
25.104,321.9
25.108,283.01
25.112,301.99
25.116,317.18
25.12,308.28
25.124,321.65
25.128,285.8
25.132,282.68
25.136,306.69
25.14,301.87
25.144,318.51
25.148,282.13
25.152,291.22
25.156,306.57
25.16,300.36
25.164,314.71
25.168,296.6
25.172,317.93
25.176,303.89
25.18,310.76
25.184,315.1
25.188,303.48
25.192,293.83
25.196,289.07
25.2,328.55
25.204,301.34
25.208,299.76
25.212,312.25
25.216,309.73
25.22,288.53
25.224,323.16
25.228,307.24
25.232,307.04
25.236,287.14
25.24,310.6
25.244,134
25.248,301.7
25.252,310.42
25.256,290.95
25.26,283.77
25.264,296.87
25.268,286.44
25.272,272.63
25.276,298.83
25.28,293.84
25.284,303.12
25.288,311.87
25.292,308.56
25.296,292.27
25.3,303.04
25.304,313.25
25.308,251.46
25.312,296.84
25.316,281.89
25.32,302.23
25.324,284.16
25.328,278.55
25.332,284.69
25.336,284.32
25.34,317.16
25.344,280.43
25.348,317.73
25.352,292.96
25.356,266.62
25.36,297.41
25.364,289.8
25.368,296.72
25.372,280.05
25.376,290.58
25.38,275.83
25.384,265.2
25.388,280.51
25.392,285.36
25.396,294.1
25.4,274.68
25.404,283.12
25.408,306.12
25.412,302.67
25.416,280.13
25.42,284.46
25.424,265.64
25.428,261.44
25.432,268.37
25.436,263.94
25.44,275.87
25.444,290.54
25.448,277.02
25.452,283.01
25.456,269.97
25.46,290
25.464,258.74
25.468,245.94
25.472,275.79
25.476,279.47
25.48,235.82
25.484,274.9
25.488,261.84
25.492,283.17
25.496,249
25.5,253.07
25.504,305.32
25.508,272.5
25.512,255.95
25.516,254.94
25.52,230.46
25.524,248.1
25.528,252.23
25.532,259.03
25.536,255.25
25.54,223.53
25.544,262.93
25.548,224.66
25.552,254.16
25.556,232.24
25.56,243.05
25.564,15
25.568,242.91
25.572,244.68
25.576,273.54
25.58,263.83
25.584,251.47
25.588,210.3
25.592,223.61
25.596,250.78
25.6,240.79
25.604,229.9
25.608,243.1
25.612,240.86
25.616,254.02
25.62,185.51
25.624,232.35
25.628,211.63
25.632,243.9
25.636,210.28
25.64,232.42
25.644,225.16
25.648,207.75
25.652,227.72
25.656,240.4
25.66,436
25.664,226.86
25.668,225.84
25.672,195.78
25.676,214.74
25.68,215.48
25.684,210.45
25.688,188.16
25.692,215.68
25.696,228.69
25.7,202.31
25.704,169.29
25.708,219.8
25.712,181.01
25.716,205.2
25.72,179.13
25.724,150.43
25.728,198.29
25.732,179.48
25.736,195.97
25.74,177.88
25.744,192.6
25.748,173.95
25.752,184.19
25.756,207.1
25.76,180.52
25.764,163.76
25.768,178
25.772,175.48
25.776,176.82
25.78,179.65
25.784,176.3
25.788,180.95
25.792,175.04
25.796,192.09
25.8,166
25.804,183.08
25.808,187.31
25.812,171.65
25.816,155.72
25.82,164.4
25.824,185.31
25.828,170.6
25.832,162.02
25.836,176.62
25.84,155.58
25.844,147.94
25.848,144.09
25.852,171.6
25.856,170.79
25.86,159.28
25.864,-122
25.868,153.55
25.872,134.13
25.876,149.88
25.88,172.27
25.884,134.54
25.888,137.97
25.892,147.32
25.896,159.54
25.9,169.86
25.904,178.98
25.908,140.94
25.912,164.92
25.916,115.79
25.92,137.43
25.924,123.44
25.928,177.59
25.932,121
25.936,126.54
25.94,138.39
25.944,143.42
25.948,161.22
25.952,115.82
25.956,123.22
25.96,146.34
25.964,108.44
25.968,114.95
25.972,127.53
25.976,138.38
25.98,134.41
25.984,108.88
25.988,103.88
25.992,147.67
25.996,125.38
